# truecount	recall	nodecounts	precision	adjaccuracy	truenodecounts	f1score	accuracy
1.700000000000000000e+02 4.117647058823529216e-01 9.300000000000000000e+01 4.964539007092198530e-01 1.239815798795607452e-02 8.700000000000000000e+01 4.501607717041800627e-01 1.239815798795607452e-02
2.300000000000000000e+02 5.086956521739129933e-01 9.300000000000000000e+01 4.957627118644067910e-01 1.330906609031964546e-02 9.300000000000000000e+01 5.021459227467811592e-01 1.330906609031964546e-02
1.530000000000000000e+02 6.143790849673202992e-01 9.300000000000000000e+01 6.394557823129252139e-01 2.338890271211744101e-02 8.600000000000000000e+01 6.266666666666667052e-01 2.338890271211744101e-02
6.560000000000000000e+02 3.750000000000000000e-01 9.300000000000000000e+01 4.598130841121495505e-01 1.551463168516649914e-02 8.300000000000000000e+01 4.130982367758186391e-01 1.551463168516649914e-02
2.110000000000000000e+02 3.270142180094786633e-01 9.300000000000000000e+01 9.078947368421053099e-01 7.247899159663865817e-03 7.800000000000000000e+01 4.808362369337979003e-01 7.247899159663865817e-03
2.550000000000000000e+02 5.764705882352940680e-01 9.300000000000000000e+01 9.735099337748344128e-01 1.260396124496270323e-02 1.010000000000000000e+02 7.241379310344827624e-01 1.260396124496270323e-02
8.090000000000000000e+02 4.697156983930778629e-01 9.300000000000000000e+01 5.766312594840667938e-01 2.923301792445572728e-02 1.010000000000000000e+02 5.177111716621253246e-01 2.923301792445572728e-02
1.730000000000000000e+02 3.641618497109826436e-01 9.300000000000000000e+01 7.777777777777777901e-01 4.801463303101897485e-03 8.400000000000000000e+01 4.960629921259842590e-01 4.801463303101897485e-03
5.280000000000000000e+02 1.363636363636363535e-01 9.300000000000000000e+01 3.582089552238805763e-01 4.530296356886679560e-03 8.900000000000000000e+01 1.975308641975308532e-01 4.530296356886679560e-03
3.660000000000000000e+02 4.098360655737705027e-01 9.300000000000000000e+01 4.398826979472140741e-01 1.845018450184501835e-02 1.040000000000000000e+02 4.243281471004243244e-01 1.845018450184501835e-02
1.105000000000000000e+03 5.529411764705882693e-01 9.300000000000000000e+01 6.055500495540139250e-01 4.110049778016951205e-02 1.130000000000000000e+02 5.780510879848628214e-01 4.110049778016951205e-02
4.100000000000000000e+02 1.829268292682926789e-01 9.300000000000000000e+01 1.000000000000000000e+00 4.427652163646023618e-03 1.200000000000000000e+02 3.092783505154639290e-01 4.427652163646023618e-03
2.450000000000000000e+02 3.346938775510204245e-01 9.300000000000000000e+01 3.612334801762114300e-01 6.632157877709479385e-03 5.700000000000000000e+01 3.474576271186440857e-01 6.632157877709479385e-03
1.206000000000000000e+03 6.484245439469320527e-01 9.300000000000000000e+01 5.453277545327754883e-01 5.115122972265829376e-02 1.160000000000000000e+02 5.924242424242424088e-01 5.115122972265829376e-02
1.077000000000000000e+03 4.679665738161559729e-01 9.300000000000000000e+01 6.657859973579920432e-01 3.848797250859106733e-02 1.150000000000000000e+02 5.496183206106870500e-01 3.848797250859106733e-02
1.536000000000000000e+03 4.570312500000000000e-01 9.300000000000000000e+01 7.358490566037735325e-01 3.582180946063173027e-02 1.620000000000000000e+02 5.638554216867469604e-01 3.582180946063173027e-02
1.183000000000000000e+03 4.285714285714285476e-01 9.300000000000000000e+01 3.472602739726027288e-01 2.210306042375097951e-02 1.330000000000000000e+02 3.836549375709421006e-01 2.210306042375097951e-02
2.653000000000000000e+03 7.889182058047493618e-01 9.300000000000000000e+01 8.532409294741133410e-01 9.726740403383214717e-02 1.380000000000000000e+02 8.198198198198197728e-01 9.726740403383214717e-02
1.601000000000000000e+03 5.852592129918801067e-01 9.300000000000000000e+01 7.372147915027537080e-01 5.760481986966679152e-02 1.460000000000000000e+02 6.525069637883008644e-01 5.760481986966679152e-02
5.910000000000000000e+02 1.590524534686971192e-01 9.300000000000000000e+01 6.266666666666667052e-01 6.057872011342398978e-03 1.440000000000000000e+02 2.537112010796221395e-01 6.057872011342398978e-03
1.839000000000000000e+03 5.910821098423055808e-01 9.300000000000000000e+01 6.443390634262003980e-01 4.726909027656983620e-02 1.980000000000000000e+02 6.165626772546795031e-01 4.726909027656983620e-02
1.663000000000000000e+03 2.399278412507516445e-01 9.300000000000000000e+01 6.638935108153077858e-01 2.110106298587973925e-02 1.970000000000000000e+02 3.524734982332155542e-01 2.110106298587973925e-02
2.817000000000000000e+03 3.986510472133475425e-01 9.300000000000000000e+01 7.660300136425648443e-01 4.874131944444444475e-02 2.070000000000000000e+02 5.243987858977352534e-01 4.874131944444444475e-02
2.147000000000000000e+03 7.126222636236608787e-01 9.300000000000000000e+01 8.065366367949393656e-01 8.267588890089701270e-02 2.120000000000000000e+02 7.566765578635015199e-01 8.267588890089701270e-02
1.226000000000000000e+03 4.192495921696574035e-01 9.300000000000000000e+01 5.654565456545654900e-01 3.132236441194393567e-02 1.740000000000000000e+02 4.814988290398126702e-01 3.132236441194393567e-02
1.200000000000000000e+01 1.000000000000000000e+00 9.300000000000000000e+01 1.000000000000000000e+00 1.000000000000000000e+00 9.000000000000000000e+00 1.000000000000000000e+00 1.000000000000000000e+00
8.000000000000000000e+00 1.000000000000000000e+00 9.300000000000000000e+01 1.000000000000000000e+00 1.000000000000000000e+00 6.000000000000000000e+00 1.000000000000000000e+00 1.000000000000000000e+00
2.200000000000000000e+01 1.000000000000000000e+00 9.300000000000000000e+01 8.148148148148147696e-01 7.096774193548387455e-01 1.900000000000000000e+01 8.979591836734693855e-01 7.096774193548387455e-01
1.200000000000000000e+01 1.000000000000000000e+00 9.300000000000000000e+01 1.000000000000000000e+00 1.000000000000000000e+00 9.000000000000000000e+00 1.000000000000000000e+00 1.000000000000000000e+00
8.000000000000000000e+00 1.000000000000000000e+00 9.300000000000000000e+01 1.000000000000000000e+00 1.000000000000000000e+00 6.000000000000000000e+00 1.000000000000000000e+00 1.000000000000000000e+00
4.390000000000000000e+02 4.419134396355353100e-01 9.300000000000000000e+01 7.698412698412698818e-01 1.629430539223920837e-02 5.500000000000000000e+01 5.615050651230101275e-01 1.629430539223920837e-02
3.560000000000000000e+02 1.825842696629213502e-01 9.300000000000000000e+01 1.000000000000000000e+00 5.431149732620320879e-03 9.300000000000000000e+01 3.087885985748218265e-01 5.431149732620320879e-03
3.480000000000000000e+02 3.936781609195402210e-01 9.300000000000000000e+01 7.365591397849462485e-01 2.207896857373086233e-02 9.900000000000000000e+01 5.131086142322097698e-01 2.207896857373086233e-02
1.290000000000000000e+02 1.000000000000000000e+00 9.300000000000000000e+01 9.923076923076923350e-01 9.923076923076923350e-01 9.900000000000000000e+01 9.961389961389961467e-01 9.923076923076923350e-01
5.090000000000000000e+02 1.021611001964636556e-01 9.300000000000000000e+01 2.374429223744292106e-01 3.797006206644760670e-03 8.600000000000000000e+01 1.428571428571428492e-01 3.797006206644760670e-03
1.140000000000000000e+02 1.000000000000000000e+00 9.300000000000000000e+01 1.000000000000000000e+00 1.000000000000000000e+00 9.900000000000000000e+01 1.000000000000000000e+00 1.000000000000000000e+00
2.400000000000000000e+01 1.000000000000000000e+00 9.300000000000000000e+01 1.000000000000000000e+00 6.315789473684210176e-01 1.700000000000000000e+01 1.000000000000000000e+00 6.315789473684210176e-01
6.200000000000000000e+01 1.000000000000000000e+00 9.300000000000000000e+01 8.378378378378378288e-01 8.378378378378378288e-01 4.800000000000000000e+01 9.117647058823529216e-01 8.378378378378378288e-01
1.000000000000000000e+02 1.000000000000000000e+00 9.300000000000000000e+01 9.803921568627450567e-01 9.803921568627450567e-01 8.300000000000000000e+01 9.900990099009900902e-01 9.803921568627450567e-01
3.100000000000000000e+01 1.000000000000000000e+00 9.300000000000000000e+01 1.000000000000000000e+00 1.000000000000000000e+00 2.500000000000000000e+01 1.000000000000000000e+00 1.000000000000000000e+00
5.520000000000000000e+02 5.778985507246376940e-01 9.300000000000000000e+01 4.900153609831029433e-01 3.609413894546277535e-02 9.600000000000000000e+01 5.303408146300914172e-01 3.609413894546277535e-02
4.270000000000000000e+02 5.925058548009367598e-01 9.300000000000000000e+01 8.214285714285713969e-01 2.475053805517511349e-02 9.900000000000000000e+01 6.884353741496598289e-01 2.475053805517511349e-02
4.110000000000000000e+02 6.228710462287104788e-01 9.300000000000000000e+01 7.130919220055710328e-01 5.549533925861695194e-02 9.900000000000000000e+01 6.649350649350649345e-01 5.549533925861695194e-02
4.720000000000000000e+02 3.411016949152542166e-01 9.300000000000000000e+01 7.318181818181818121e-01 1.488397892206711620e-02 9.100000000000000000e+01 4.653179190751445260e-01 1.488397892206711620e-02
3.850000000000000000e+02 5.688311688311687986e-01 9.300000000000000000e+01 5.748031496062991907e-01 4.870996441281139067e-02 9.900000000000000000e+01 5.718015665796344349e-01 4.870996441281139067e-02
4.300000000000000000e+01 1.000000000000000000e+00 9.300000000000000000e+01 1.000000000000000000e+00 1.000000000000000000e+00 3.300000000000000000e+01 1.000000000000000000e+00 1.000000000000000000e+00
3.500000000000000000e+01 1.000000000000000000e+00 9.300000000000000000e+01 1.000000000000000000e+00 1.000000000000000000e+00 2.300000000000000000e+01 1.000000000000000000e+00 1.000000000000000000e+00
5.700000000000000000e+01 1.000000000000000000e+00 9.300000000000000000e+01 1.000000000000000000e+00 1.000000000000000000e+00 3.700000000000000000e+01 1.000000000000000000e+00 1.000000000000000000e+00
6.900000000000000000e+01 1.000000000000000000e+00 9.300000000000000000e+01 8.734177215189873333e-01 9.885386819484240362e-02 3.300000000000000000e+01 9.324324324324324564e-01 9.885386819484240362e-02
1.040000000000000000e+02 3.269230769230769273e-01 9.300000000000000000e+01 7.727272727272727071e-01 4.600811907983761578e-02 4.400000000000000000e+01 4.594594594594594850e-01 4.600811907983761578e-02
5.420000000000000000e+02 4.317343173431734127e-01 9.300000000000000000e+01 4.905660377358490587e-01 4.165183339266642637e-02 9.900000000000000000e+01 4.592737978410206257e-01 4.165183339266642637e-02
2.430000000000000000e+02 1.000000000000000000e+00 9.300000000000000000e+01 9.918367346938775642e-01 9.918367346938775642e-01 9.900000000000000000e+01 9.959016393442623460e-01 9.918367346938775642e-01
6.850000000000000000e+02 4.802919708029196877e-01 9.300000000000000000e+01 3.066169617893755861e-01 2.505712109672505669e-02 9.600000000000000000e+01 3.742889647326507196e-01 2.505712109672505669e-02
3.450000000000000000e+02 9.942028985507246341e-01 9.300000000000000000e+01 9.828080229226361375e-01 9.772079772079772519e-01 9.900000000000000000e+01 9.884726224783861870e-01 9.772079772079772519e-01
1.970000000000000000e+02 1.000000000000000000e+00 9.300000000000000000e+01 9.949494949494949170e-01 9.949494949494949170e-01 9.900000000000000000e+01 9.974683544303797333e-01 9.949494949494949170e-01
3.370000000000000000e+02 2.937685459940652666e-01 9.300000000000000000e+01 7.734375000000000000e-01 3.484688489968321146e-02 6.600000000000000000e+01 4.258064516129032029e-01 3.484688489968321146e-02
5.700000000000000000e+01 1.000000000000000000e+00 9.300000000000000000e+01 1.000000000000000000e+00 1.000000000000000000e+00 2.400000000000000000e+01 1.000000000000000000e+00 1.000000000000000000e+00
7.500000000000000000e+01 9.466666666666666563e-01 9.300000000000000000e+01 8.160919540229885083e-01 3.901098901098901117e-01 5.100000000000000000e+01 8.765432098765432167e-01 3.901098901098901117e-01
6.000000000000000000e+01 7.333333333333332815e-01 9.300000000000000000e+01 7.457627118644067910e-01 5.000000000000000000e-01 4.300000000000000000e+01 7.394957983193277684e-01 5.000000000000000000e-01
1.720000000000000000e+02 6.569767441860464574e-01 9.300000000000000000e+01 9.658119658119658224e-01 4.822876653862569196e-02 7.000000000000000000e+01 7.820069204152249043e-01 4.822876653862569196e-02
3.310000000000000000e+02 1.000000000000000000e+00 9.300000000000000000e+01 9.821958456973294282e-01 9.821958456973294282e-01 9.900000000000000000e+01 9.910179640718562721e-01 9.821958456973294282e-01
7.370000000000000000e+02 4.016282225237449155e-01 9.300000000000000000e+01 5.967741935483871218e-01 3.307632137669013622e-02 9.700000000000000000e+01 4.801297648012976538e-01 3.307632137669013622e-02
4.870000000000000000e+02 6.509240246406571284e-01 9.300000000000000000e+01 9.937304075235109391e-01 8.995459704880817697e-02 9.900000000000000000e+01 7.866004962779156173e-01 8.995459704880817697e-02
1.290000000000000000e+02 1.000000000000000000e+00 9.300000000000000000e+01 1.000000000000000000e+00 1.000000000000000000e+00 9.900000000000000000e+01 1.000000000000000000e+00 1.000000000000000000e+00
9.300000000000000000e+02 5.043010752688171783e-01 9.300000000000000000e+01 4.557823129251700744e-01 3.684210526315789130e-02 1.000000000000000000e+02 4.788157223072996294e-01 3.684210526315789130e-02
2.340000000000000000e+02 3.888888888888888951e-01 9.300000000000000000e+01 5.321637426900585055e-01 1.137499999999999969e-02 4.500000000000000000e+01 4.493827160493827355e-01 1.137499999999999969e-02
6.100000000000000000e+01 9.180327868852459217e-01 9.300000000000000000e+01 8.750000000000000000e-01 1.568627450980392135e-01 3.300000000000000000e+01 8.960000000000000187e-01 1.568627450980392135e-01
9.700000000000000000e+01 1.000000000000000000e+00 9.300000000000000000e+01 9.699999999999999734e-01 9.699999999999999734e-01 6.600000000000000000e+01 9.847715736040608681e-01 9.699999999999999734e-01
4.900000000000000000e+01 1.000000000000000000e+00 9.300000000000000000e+01 1.000000000000000000e+00 1.000000000000000000e+00 3.100000000000000000e+01 1.000000000000000000e+00 1.000000000000000000e+00
4.700000000000000000e+01 1.000000000000000000e+00 9.300000000000000000e+01 9.399999999999999467e-01 9.399999999999999467e-01 3.300000000000000000e+01 9.690721649484536071e-01 9.399999999999999467e-01
7.620000000000000000e+02 6.062992125984252301e-01 9.300000000000000000e+01 3.333333333333333148e-01 3.692160153440422060e-02 9.800000000000000000e+01 4.301675977653631189e-01 3.692160153440422060e-02
9.660000000000000000e+02 4.585921325051759978e-01 9.300000000000000000e+01 2.427397260273972679e-01 1.401588255766127687e-02 1.000000000000000000e+02 3.174489430311716043e-01 1.401588255766127687e-02
9.690000000000000000e+02 5.872033023735809820e-01 9.300000000000000000e+01 5.342723004694835964e-01 6.633247843320121129e-02 1.000000000000000000e+02 5.594886922320551070e-01 6.633247843320121129e-02
7.690000000000000000e+02 4.538361508452535831e-01 9.300000000000000000e+01 2.918060200668896598e-01 2.268443288917777051e-02 9.900000000000000000e+01 3.552162849872773642e-01 2.268443288917777051e-02
1.760000000000000000e+02 1.000000000000000000e+00 9.300000000000000000e+01 9.943502824858757583e-01 9.943502824858757583e-01 9.900000000000000000e+01 9.971671388101982503e-01 9.943502824858757583e-01
2.440000000000000000e+02 6.475409836065574298e-01 9.300000000000000000e+01 8.449197860962567308e-01 5.158341495266079157e-02 9.900000000000000000e+01 7.331786542923434125e-01 5.158341495266079157e-02
2.210000000000000000e+02 2.171945701357466119e-01 9.300000000000000000e+01 6.956521739130434590e-01 1.051709027169149893e-02 8.800000000000000000e+01 3.310344827586206851e-01 1.051709027169149893e-02
2.210000000000000000e+02 2.941176470588235392e-01 9.300000000000000000e+01 4.037267080745341463e-01 1.414888985633434848e-02 7.900000000000000000e+01 3.403141361256544761e-01 1.414888985633434848e-02
1.850000000000000000e+02 2.702702702702702853e-01 9.300000000000000000e+01 1.000000000000000000e+00 1.136105430583958173e-02 6.300000000000000000e+01 4.255319148936170248e-01 1.136105430583958173e-02
2.450000000000000000e+02 6.775510204081632848e-01 9.300000000000000000e+01 7.280701754385965341e-01 5.728088336783988821e-02 6.900000000000000000e+01 7.019027484143762763e-01 5.728088336783988821e-02
1.450000000000000000e+02 6.620689655172413701e-01 9.300000000000000000e+01 2.302158273381295084e-01 1.052631578947368397e-02 5.500000000000000000e+01 3.416370106761565939e-01 1.052631578947368397e-02
3.530000000000000000e+02 3.427762039660056659e-01 9.300000000000000000e+01 5.789473684210526550e-01 1.146484745120333534e-02 9.300000000000000000e+01 4.306049822064056953e-01 1.146484745120333534e-02
2.240000000000000000e+02 5.446428571428570953e-01 9.300000000000000000e+01 5.622119815668202847e-01 1.773771445187554557e-02 7.800000000000000000e+01 5.532879818594104160e-01 1.773771445187554557e-02
1.850000000000000000e+02 3.945945945945946165e-01 9.300000000000000000e+01 7.849462365591397539e-01 1.735203232707392337e-02 6.400000000000000000e+01 5.251798561151078681e-01 1.735203232707392337e-02
4.170000000000000000e+02 2.781774580335731328e-01 9.300000000000000000e+01 8.000000000000000444e-01 1.216060383688017527e-02 7.200000000000000000e+01 4.128113879003558750e-01 1.216060383688017527e-02
4.400000000000000000e+01 1.000000000000000000e+00 9.300000000000000000e+01 1.000000000000000000e+00 1.000000000000000000e+00 2.200000000000000000e+01 1.000000000000000000e+00 1.000000000000000000e+00
3.000000000000000000e+01 1.000000000000000000e+00 9.300000000000000000e+01 9.677419354838709964e-01 9.677419354838709964e-01 2.200000000000000000e+01 9.836065573770491621e-01 9.677419354838709964e-01
3.600000000000000000e+01 1.000000000000000000e+00 9.300000000000000000e+01 9.729729729729730270e-01 9.729729729729730270e-01 2.800000000000000000e+01 9.863013698630136439e-01 9.729729729729730270e-01
8.000000000000000000e+01 5.875000000000000222e-01 9.300000000000000000e+01 9.591836734693877098e-01 3.430656934306569594e-01 4.500000000000000000e+01 7.286821705426356210e-01 3.430656934306569594e-01
1.130000000000000000e+02 1.000000000000000000e+00 9.300000000000000000e+01 9.186991869918699205e-01 9.186991869918699205e-01 9.100000000000000000e+01 9.576271186440677985e-01 9.186991869918699205e-01
1.190000000000000000e+02 1.000000000000000000e+00 9.300000000000000000e+01 7.484276729559747876e-01 3.749212350346566025e-02 5.000000000000000000e+01 8.561151079136690711e-01 3.749212350346566025e-02
1.290000000000000000e+02 9.844961240310077244e-01 9.300000000000000000e+01 9.477611940298507065e-01 9.351988217967599493e-02 5.000000000000000000e+01 9.657794676806084055e-01 9.351988217967599493e-02
1.560000000000000000e+02 1.000000000000000000e+00 9.300000000000000000e+01 9.397590361445783413e-01 9.397590361445783413e-01 1.190000000000000000e+02 9.689440993788820400e-01 9.397590361445783413e-01
1.780000000000000000e+02 6.067415730337079038e-01 9.300000000000000000e+01 9.310344827586206629e-01 1.576642335766423320e-01 8.500000000000000000e+01 7.346938775510204467e-01 1.576642335766423320e-01
1.610000000000000000e+02 8.571428571428570953e-01 9.300000000000000000e+01 9.650349650349649977e-01 2.126348228043143385e-01 8.900000000000000000e+01 9.078947368421053099e-01 2.126348228043143385e-01
1.620000000000000000e+02 7.469135802469135665e-01 9.300000000000000000e+01 9.097744360902255689e-01 1.523929471032745564e-01 6.300000000000000000e+01 8.203389830508474034e-01 1.523929471032745564e-01
1.030000000000000000e+02 1.000000000000000000e+00 9.300000000000000000e+01 1.000000000000000000e+00 1.000000000000000000e+00 5.900000000000000000e+01 1.000000000000000000e+00 1.000000000000000000e+00
5.400000000000000000e+01 2.222222222222222099e-01 9.300000000000000000e+01 2.999999999999999889e-01 7.453416149068323171e-02 3.100000000000000000e+01 2.553191489361701927e-01 7.453416149068323171e-02
1.080000000000000000e+02 1.000000000000000000e+00 9.300000000000000000e+01 9.729729729729730270e-01 3.253012048192771011e-01 7.800000000000000000e+01 9.863013698630136439e-01 3.253012048192771011e-01
1.850000000000000000e+02 7.837837837837837718e-01 9.300000000000000000e+01 9.797297297297297147e-01 6.271626297577855003e-02 5.200000000000000000e+01 8.708708708708708945e-01 6.271626297577855003e-02
2.040000000000000000e+02 9.705882352941176405e-01 9.300000000000000000e+01 9.611650485436893376e-01 2.512690355329948999e-01 1.050000000000000000e+02 9.658536585365853355e-01 2.512690355329948999e-01
1.280000000000000000e+02 9.687500000000000000e-01 9.300000000000000000e+01 9.538461538461538991e-01 1.551939924906132751e-01 5.700000000000000000e+01 9.612403100775194220e-01 1.551939924906132751e-01
1.160000000000000000e+02 1.000000000000000000e+00 9.300000000000000000e+01 9.206349206349205838e-01 9.206349206349205838e-01 7.600000000000000000e+01 9.586776859504132497e-01 9.206349206349205838e-01
2.000000000000000000e+02 5.400000000000000355e-01 9.300000000000000000e+01 7.448275862068965969e-01 6.498194945848374815e-02 8.200000000000000000e+01 6.260869565217391797e-01 6.498194945848374815e-02
8.800000000000000000e+01 1.000000000000000000e+00 9.300000000000000000e+01 9.777777777777777457e-01 9.777777777777777457e-01 4.700000000000000000e+01 9.887640449438201973e-01 9.777777777777777457e-01
3.600000000000000000e+01 1.000000000000000000e+00 9.300000000000000000e+01 9.729729729729730270e-01 9.729729729729730270e-01 2.600000000000000000e+01 9.863013698630136439e-01 9.729729729729730270e-01
5.800000000000000000e+01 1.000000000000000000e+00 9.300000000000000000e+01 1.000000000000000000e+00 1.000000000000000000e+00 3.600000000000000000e+01 1.000000000000000000e+00 1.000000000000000000e+00
5.700000000000000000e+01 1.000000000000000000e+00 9.300000000000000000e+01 1.000000000000000000e+00 1.000000000000000000e+00 3.400000000000000000e+01 1.000000000000000000e+00 1.000000000000000000e+00
3.600000000000000000e+01 8.888888888888888395e-01 9.300000000000000000e+01 8.000000000000000444e-01 2.461538461538461675e-01 2.500000000000000000e+01 8.421052631578946901e-01 2.461538461538461675e-01
6.700000000000000000e+01 8.805970149253731227e-01 9.300000000000000000e+01 8.939393939393939226e-01 4.275362318840579823e-01 4.300000000000000000e+01 8.872180451127819056e-01 4.275362318840579823e-01
8.200000000000000000e+01 3.658536585365853577e-01 9.300000000000000000e+01 6.122448979591836871e-01 2.615518744551002459e-02 3.500000000000000000e+01 4.580152671755725047e-01 2.615518744551002459e-02
5.400000000000000000e+01 1.000000000000000000e+00 9.300000000000000000e+01 1.000000000000000000e+00 1.000000000000000000e+00 3.600000000000000000e+01 1.000000000000000000e+00 1.000000000000000000e+00
1.100000000000000000e+02 2.909090909090908950e-01 9.300000000000000000e+01 4.637681159420289911e-01 2.700421940928270093e-02 3.400000000000000000e+01 3.575418994413407936e-01 2.700421940928270093e-02
2.180000000000000000e+02 8.119266055045871733e-01 9.300000000000000000e+01 7.564102564102563875e-01 3.614457831325301046e-02 1.000000000000000000e+02 7.831858407079645978e-01 3.614457831325301046e-02
4.100000000000000000e+01 8.048780487804878536e-01 9.300000000000000000e+01 1.000000000000000000e+00 3.333333333333333148e-01 2.300000000000000000e+01 8.918918918918918859e-01 3.333333333333333148e-01
6.700000000000000000e+01 1.000000000000000000e+00 9.300000000000000000e+01 9.436619718309858795e-01 7.613636363636363535e-01 4.800000000000000000e+01 9.710144927536231707e-01 7.613636363636363535e-01
1.750000000000000000e+02 3.428571428571428603e-01 9.300000000000000000e+01 6.593406593406593297e-01 3.816793893129771104e-02 1.170000000000000000e+02 4.511278195488721554e-01 3.816793893129771104e-02
1.560000000000000000e+02 3.397435897435897578e-01 9.300000000000000000e+01 8.983050847457627608e-01 2.885138813282525985e-02 6.800000000000000000e+01 4.930232558139535093e-01 2.885138813282525985e-02
7.000000000000000000e+01 5.999999999999999778e-01 9.300000000000000000e+01 6.363636363636363535e-01 1.210374639769452448e-01 4.600000000000000000e+01 6.176470588235294379e-01 1.210374639769452448e-01
2.700000000000000000e+02 7.037037037037037202e-01 9.300000000000000000e+01 1.000000000000000000e+00 8.991954566966398055e-02 1.120000000000000000e+02 8.260869565217391353e-01 8.991954566966398055e-02
2.020000000000000000e+02 3.564356435643564192e-01 9.300000000000000000e+01 9.000000000000000222e-01 1.729937530033637608e-02 8.500000000000000000e+01 5.106382978723403854e-01 1.729937530033637608e-02
1.280000000000000000e+02 6.093750000000000000e-01 9.300000000000000000e+01 8.571428571428570953e-01 6.927175843694494128e-02 6.100000000000000000e+01 7.123287671232876317e-01 6.927175843694494128e-02
1.550000000000000000e+02 1.000000000000000000e+00 9.300000000000000000e+01 8.908045977011493921e-01 8.908045977011493921e-01 1.050000000000000000e+02 9.422492401215805113e-01 8.908045977011493921e-01
9.700000000000000000e+01 9.175257731958762486e-01 9.300000000000000000e+01 8.989898989898990056e-01 6.496350364963503488e-01 7.100000000000000000e+01 9.081632653061224580e-01 6.496350364963503488e-01
1.780000000000000000e+02 3.314606741573033477e-01 9.300000000000000000e+01 5.728155339805824919e-01 3.757961783439490305e-02 9.500000000000000000e+01 4.199288256227757810e-01 3.757961783439490305e-02
5.600000000000000000e+01 6.250000000000000000e-01 9.300000000000000000e+01 7.608695652173913526e-01 1.440329218106995990e-01 3.500000000000000000e+01 6.862745098039215730e-01 1.440329218106995990e-01
3.500000000000000000e+01 1.000000000000000000e+00 9.300000000000000000e+01 9.722222222222222099e-01 9.722222222222222099e-01 2.700000000000000000e+01 9.859154929577464976e-01 9.722222222222222099e-01
4.600000000000000000e+01 4.565217391304347561e-01 9.300000000000000000e+01 5.250000000000000222e-01 8.713692946058090860e-02 2.400000000000000000e+01 4.883720930232557933e-01 8.713692946058090860e-02
4.300000000000000000e+01 1.000000000000000000e+00 9.300000000000000000e+01 8.958333333333333703e-01 1.557971014492753603e-01 2.500000000000000000e+01 9.450549450549450281e-01 1.557971014492753603e-01
6.300000000000000000e+01 8.095238095238095344e-01 9.300000000000000000e+01 7.846153846153846034e-01 9.514925373134328068e-02 4.700000000000000000e+01 7.968750000000000000e-01 9.514925373134328068e-02
8.900000000000000000e+01 6.741573033707864981e-01 9.300000000000000000e+01 9.523809523809523281e-01 5.037783375314861672e-02 4.700000000000000000e+01 7.894736842105263275e-01 5.037783375314861672e-02
1.060000000000000000e+02 9.622641509433962348e-01 9.300000000000000000e+01 8.499999999999999778e-01 9.568480300187617860e-02 5.900000000000000000e+01 9.026548672566371279e-01 9.568480300187617860e-02
2.780000000000000000e+02 5.359712230215827322e-01 9.300000000000000000e+01 8.975903614457830804e-01 4.922365378262305580e-02 9.500000000000000000e+01 6.711711711711711992e-01 4.922365378262305580e-02
2.370000000000000000e+02 7.510548523206751481e-01 9.300000000000000000e+01 9.468085106382978511e-01 5.041064854148966101e-02 1.220000000000000000e+02 8.376470588235294112e-01 5.041064854148966101e-02
2.040000000000000000e+02 4.950980392156862919e-01 9.300000000000000000e+01 8.278688524590164244e-01 1.618589743589743668e-01 1.040000000000000000e+02 6.196319018404907730e-01 1.618589743589743668e-01
1.570000000000000000e+02 9.490445859872611578e-01 9.300000000000000000e+01 9.085365853658536883e-01 1.808252427184466049e-01 1.000000000000000000e+02 9.283489096573208643e-01 1.808252427184466049e-01
7.100000000000000000e+01 1.000000000000000000e+00 9.300000000000000000e+01 1.000000000000000000e+00 1.000000000000000000e+00 3.900000000000000000e+01 1.000000000000000000e+00 1.000000000000000000e+00
1.530000000000000000e+02 8.888888888888888395e-01 9.300000000000000000e+01 9.510489510489510412e-01 4.805653710247349553e-01 9.000000000000000000e+01 9.189189189189189699e-01 4.805653710247349553e-01
7.700000000000000000e+01 8.441558441558441039e-01 9.300000000000000000e+01 9.154929577464788748e-01 2.110389610389610260e-01 5.200000000000000000e+01 8.783783783783783994e-01 2.110389610389610260e-01
1.170000000000000000e+02 8.034188034188034511e-01 9.300000000000000000e+01 1.000000000000000000e+00 8.216783216783216104e-02 6.100000000000000000e+01 8.909952606635070937e-01 8.216783216783216104e-02
1.980000000000000000e+02 1.000000000000000000e+00 9.300000000000000000e+01 9.899999999999999911e-01 9.899999999999999911e-01 1.490000000000000000e+02 9.949748743718592747e-01 9.899999999999999911e-01
2.570000000000000000e+02 4.513618677042801619e-01 9.300000000000000000e+01 6.904761904761904656e-01 2.151335311572700332e-02 1.450000000000000000e+02 5.458823529411764852e-01 2.151335311572700332e-02
1.370000000000000000e+02 5.912408759124088142e-01 9.300000000000000000e+01 6.639344262295081567e-01 5.024813895781637951e-02 7.800000000000000000e+01 6.254826254826254539e-01 5.024813895781637951e-02
8.000000000000000000e+01 8.000000000000000444e-01 9.300000000000000000e+01 9.014084507042253724e-01 3.106796116504854099e-01 4.100000000000000000e+01 8.476821192052980125e-01 3.106796116504854099e-01
8.400000000000000000e+01 9.047619047619047672e-01 9.300000000000000000e+01 8.260869565217391353e-01 5.671641791044775838e-01 5.900000000000000000e+01 8.636363636363636465e-01 5.671641791044775838e-01
1.250000000000000000e+02 4.480000000000000093e-01 9.300000000000000000e+01 6.666666666666666297e-01 3.664921465968586090e-02 6.300000000000000000e+01 5.358851674641148533e-01 3.664921465968586090e-02
1.630000000000000000e+02 4.969325153374233306e-01 9.300000000000000000e+01 7.500000000000000000e-01 4.492512479201331288e-02 6.900000000000000000e+01 5.977859778597786056e-01 4.492512479201331288e-02
1.510000000000000000e+02 9.006622516556291869e-01 9.300000000000000000e+01 9.006622516556291869e-01 3.035714285714285476e-01 9.900000000000000000e+01 9.006622516556291869e-01 3.035714285714285476e-01
2.030000000000000000e+02 2.709359605911330071e-01 9.300000000000000000e+01 7.333333333333332815e-01 1.333656644034917488e-02 6.700000000000000000e+01 3.956834532374100544e-01 1.333656644034917488e-02
1.170000000000000000e+02 9.658119658119658224e-01 9.300000000000000000e+01 9.040000000000000258e-01 2.527964205816554677e-01 6.600000000000000000e+01 9.338842975206611552e-01 2.527964205816554677e-01
