# truecount	recall	nodecounts	precision	adjaccuracy	truenodecounts	f1score	accuracy
2.100000000000000000e+01 5.238095238095238360e-01 9.300000000000000000e+01 5.500000000000000444e-01 1.166489925768822954e-02 8.700000000000000000e+01 5.365853658536585691e-01 1.166489925768822954e-02
2.600000000000000000e+01 7.307692307692307265e-01 9.300000000000000000e+01 6.129032258064516236e-01 1.503164556962025347e-02 9.300000000000000000e+01 6.666666666666666297e-01 1.503164556962025347e-02
2.300000000000000000e+01 8.260869565217391353e-01 9.300000000000000000e+01 7.600000000000000089e-01 3.368794326241134757e-02 8.600000000000000000e+01 7.916666666666666297e-01 3.368794326241134757e-02
6.500000000000000000e+01 4.307692307692307931e-01 9.300000000000000000e+01 5.185185185185184897e-01 1.244444444444444374e-02 8.300000000000000000e+01 4.705882352941176405e-01 1.244444444444444374e-02
3.100000000000000000e+01 5.161290322580645018e-01 9.300000000000000000e+01 8.888888888888888395e-01 1.248049921996879918e-02 7.800000000000000000e+01 6.530612244897958663e-01 1.248049921996879918e-02
2.500000000000000000e+01 7.199999999999999734e-01 9.300000000000000000e+01 9.473684210526315264e-01 1.372997711670480465e-02 1.010000000000000000e+02 8.181818181818182323e-01 1.372997711670480465e-02
8.900000000000000000e+01 4.606741573033708015e-01 9.300000000000000000e+01 5.124999999999999556e-01 2.219815917704385383e-02 1.010000000000000000e+02 4.852071005917159563e-01 2.219815917704385383e-02
1.000000000000000000e+01 6.999999999999999556e-01 9.300000000000000000e+01 6.363636363636363535e-01 5.460218408736349643e-03 8.400000000000000000e+01 6.666666666666666297e-01 5.460218408736349643e-03
4.400000000000000000e+01 1.136363636363636326e-01 9.300000000000000000e+01 2.631578947368420907e-01 2.922267679719462233e-03 8.900000000000000000e+01 1.587301587301587213e-01 2.922267679719462233e-03
4.900000000000000000e+01 4.489795918367346927e-01 9.300000000000000000e+01 5.238095238095238360e-01 2.182539682539682419e-02 1.040000000000000000e+02 4.835164835164835195e-01 2.182539682539682419e-02
1.250000000000000000e+02 5.040000000000000036e-01 9.300000000000000000e+01 5.250000000000000222e-01 2.576687116564417221e-02 1.130000000000000000e+02 5.142857142857142350e-01 2.576687116564417221e-02
3.100000000000000000e+01 4.838709677419354982e-01 9.300000000000000000e+01 1.000000000000000000e+00 9.351620947630923109e-03 1.200000000000000000e+02 6.521739130434782705e-01 9.351620947630923109e-03
1.900000000000000000e+01 3.684210526315789269e-01 9.300000000000000000e+01 2.916666666666666852e-01 3.865267807840971990e-03 5.700000000000000000e+01 3.255813953488372325e-01 3.865267807840971990e-03
1.270000000000000000e+02 6.614173228346457156e-01 9.300000000000000000e+01 5.350318471337579540e-01 4.318766066838046480e-02 1.160000000000000000e+02 5.915492957746478764e-01 4.318766066838046480e-02
1.420000000000000000e+02 5.492957746478873693e-01 9.300000000000000000e+01 6.902654867256636795e-01 3.753609239653513119e-02 1.150000000000000000e+02 6.117647058823529882e-01 3.753609239653513119e-02
1.620000000000000000e+02 5.061728395061728669e-01 9.300000000000000000e+01 6.833333333333333481e-01 3.438155136268343515e-02 1.620000000000000000e+02 5.815602836879432136e-01 3.438155136268343515e-02
1.440000000000000000e+02 4.444444444444444198e-01 9.300000000000000000e+01 3.950617283950617065e-01 1.967414694128496663e-02 1.330000000000000000e+02 4.183006535947712545e-01 1.967414694128496663e-02
3.790000000000000000e+02 7.994722955145118215e-01 9.300000000000000000e+01 8.233695652173913526e-01 8.105939004815408688e-02 1.380000000000000000e+02 8.112449799196786993e-01 8.105939004815408688e-02
1.830000000000000000e+02 5.191256830601093109e-01 9.300000000000000000e+01 6.012658227848101111e-01 3.958333333333333148e-02 1.460000000000000000e+02 5.571847507331377791e-01 3.958333333333333148e-02
5.400000000000000000e+01 2.037037037037036924e-01 9.300000000000000000e+01 6.470588235294117974e-01 6.857855361596009586e-03 1.440000000000000000e+02 3.098591549295774406e-01 6.857855361596009586e-03
1.850000000000000000e+02 5.621621621621621934e-01 9.300000000000000000e+01 6.190476190476190688e-01 3.532608695652173642e-02 1.980000000000000000e+02 5.892351274787535065e-01 3.532608695652173642e-02
1.320000000000000000e+02 2.727272727272727071e-01 9.300000000000000000e+01 7.346938775510204467e-01 1.651376146788990917e-02 1.970000000000000000e+02 3.977900552486187680e-01 1.651376146788990917e-02
2.800000000000000000e+02 4.107142857142856984e-01 9.300000000000000000e+01 6.388888888888888395e-01 3.918228279386712365e-02 2.070000000000000000e+02 5.000000000000000000e-01 3.918228279386712365e-02
2.390000000000000000e+02 5.899581589958159400e-01 9.300000000000000000e+01 7.121212121212121549e-01 5.092091007583965379e-02 2.120000000000000000e+02 6.453089244851258899e-01 5.092091007583965379e-02
9.600000000000000000e+01 3.750000000000000000e-01 9.300000000000000000e+01 4.675324675324675217e-01 1.828339258506856205e-02 1.740000000000000000e+02 4.161849710982659101e-01 1.828339258506856205e-02
3.000000000000000000e+00 1.000000000000000000e+00 9.300000000000000000e+01 1.000000000000000000e+00 1.000000000000000000e+00 9.000000000000000000e+00 1.000000000000000000e+00 1.000000000000000000e+00
2.000000000000000000e+00 1.000000000000000000e+00 9.300000000000000000e+01 1.000000000000000000e+00 1.000000000000000000e+00 6.000000000000000000e+00 1.000000000000000000e+00 1.000000000000000000e+00
3.000000000000000000e+00 1.000000000000000000e+00 9.300000000000000000e+01 5.999999999999999778e-01 4.285714285714285476e-01 1.900000000000000000e+01 7.500000000000000000e-01 4.285714285714285476e-01
3.000000000000000000e+00 1.000000000000000000e+00 9.300000000000000000e+01 1.000000000000000000e+00 1.000000000000000000e+00 9.000000000000000000e+00 1.000000000000000000e+00 1.000000000000000000e+00
2.000000000000000000e+00 1.000000000000000000e+00 9.300000000000000000e+01 1.000000000000000000e+00 1.000000000000000000e+00 6.000000000000000000e+00 1.000000000000000000e+00 1.000000000000000000e+00
2.800000000000000000e+01 6.785714285714286031e-01 9.300000000000000000e+01 7.307692307692307265e-01 7.615230460921843837e-03 5.500000000000000000e+01 7.037037037037037202e-01 7.615230460921843837e-03
2.900000000000000000e+01 7.931034482758620996e-01 9.300000000000000000e+01 1.000000000000000000e+00 1.101005265677357584e-02 9.300000000000000000e+01 8.846153846153845812e-01 1.101005265677357584e-02
2.700000000000000000e+01 8.148148148148147696e-01 9.300000000000000000e+01 9.166666666666666297e-01 1.940035273368606594e-02 9.900000000000000000e+01 8.627450980392157298e-01 1.940035273368606594e-02
8.000000000000000000e+00 1.000000000000000000e+00 9.300000000000000000e+01 8.000000000000000444e-01 8.000000000000000444e-01 9.900000000000000000e+01 8.888888888888888395e-01 8.000000000000000444e-01
2.800000000000000000e+01 8.928571428571429047e-01 9.300000000000000000e+01 7.812500000000000000e-01 1.074806534823731681e-02 8.600000000000000000e+01 8.333333333333333703e-01 1.074806534823731681e-02
4.000000000000000000e+00 1.000000000000000000e+00 9.300000000000000000e+01 6.666666666666666297e-01 6.666666666666666297e-01 9.900000000000000000e+01 8.000000000000000444e-01 6.666666666666666297e-01
6.000000000000000000e+00 1.000000000000000000e+00 9.300000000000000000e+01 1.000000000000000000e+00 5.999999999999999778e-01 1.700000000000000000e+01 1.000000000000000000e+00 5.999999999999999778e-01
5.000000000000000000e+00 1.000000000000000000e+00 9.300000000000000000e+01 6.250000000000000000e-01 6.250000000000000000e-01 4.800000000000000000e+01 7.692307692307692735e-01 6.250000000000000000e-01
6.000000000000000000e+00 1.000000000000000000e+00 9.300000000000000000e+01 7.500000000000000000e-01 5.999999999999999778e-01 8.300000000000000000e+01 8.571428571428570953e-01 5.999999999999999778e-01
5.000000000000000000e+00 1.000000000000000000e+00 9.300000000000000000e+01 8.333333333333333703e-01 8.333333333333333703e-01 2.500000000000000000e+01 9.090909090909090606e-01 8.333333333333333703e-01
5.500000000000000000e+01 8.545454545454544970e-01 9.300000000000000000e+01 8.103448275862068506e-01 3.420669577874817929e-02 9.600000000000000000e+01 8.318584070796459784e-01 3.420669577874817929e-02
5.800000000000000000e+01 9.482758620689655249e-01 9.300000000000000000e+01 8.461538461538461453e-01 1.782242384964355039e-02 9.900000000000000000e+01 8.943089430894308745e-01 1.782242384964355039e-02
5.800000000000000000e+01 9.310344827586206629e-01 9.300000000000000000e+01 8.437500000000000000e-01 6.513872135102533045e-02 9.900000000000000000e+01 8.852459016393442459e-01 6.513872135102533045e-02
5.000000000000000000e+01 6.800000000000000488e-01 9.300000000000000000e+01 8.947368421052631637e-01 2.518518518518518545e-02 9.100000000000000000e+01 7.727272727272727071e-01 2.518518518518518545e-02
5.700000000000000000e+01 1.000000000000000000e+00 9.300000000000000000e+01 8.382352941176470784e-01 6.250000000000000000e-02 9.900000000000000000e+01 9.120000000000000329e-01 6.250000000000000000e-02
8.000000000000000000e+00 1.000000000000000000e+00 9.300000000000000000e+01 8.888888888888888395e-01 8.888888888888888395e-01 3.300000000000000000e+01 9.411764705882352811e-01 8.888888888888888395e-01
8.000000000000000000e+00 1.000000000000000000e+00 9.300000000000000000e+01 8.888888888888888395e-01 8.888888888888888395e-01 2.300000000000000000e+01 9.411764705882352811e-01 8.888888888888888395e-01
8.000000000000000000e+00 1.000000000000000000e+00 9.300000000000000000e+01 7.272727272727272929e-01 7.272727272727272929e-01 3.700000000000000000e+01 8.421052631578946901e-01 7.272727272727272929e-01
7.000000000000000000e+00 1.000000000000000000e+00 9.300000000000000000e+01 7.777777777777777901e-01 3.825136612021858007e-02 3.300000000000000000e+01 8.750000000000000000e-01 3.825136612021858007e-02
9.000000000000000000e+00 6.666666666666666297e-01 9.300000000000000000e+01 8.571428571428570953e-01 3.571428571428571230e-02 4.400000000000000000e+01 7.500000000000000000e-01 3.571428571428571230e-02
7.800000000000000000e+01 9.358974358974359031e-01 9.300000000000000000e+01 7.934782608695651884e-01 5.611068408916218553e-02 9.900000000000000000e+01 8.588235294117646523e-01 5.611068408916218553e-02
3.300000000000000000e+01 1.000000000000000000e+00 9.300000000000000000e+01 9.428571428571428381e-01 9.428571428571428381e-01 9.900000000000000000e+01 9.705882352941176405e-01 9.428571428571428381e-01
8.200000000000000000e+01 9.512195121951219079e-01 9.300000000000000000e+01 7.428571428571428825e-01 3.529411764705882304e-02 9.600000000000000000e+01 8.342245989304812870e-01 3.529411764705882304e-02
7.200000000000000000e+01 9.722222222222222099e-01 9.300000000000000000e+01 9.859154929577464976e-01 9.589041095890410427e-01 9.900000000000000000e+01 9.790209790209790652e-01 9.589041095890410427e-01
2.700000000000000000e+01 1.000000000000000000e+00 9.300000000000000000e+01 9.642857142857143016e-01 9.642857142857143016e-01 9.900000000000000000e+01 9.818181818181818121e-01 9.642857142857143016e-01
1.200000000000000000e+01 6.666666666666666297e-01 9.300000000000000000e+01 6.153846153846154188e-01 1.085481682496607786e-02 6.600000000000000000e+01 6.400000000000000133e-01 1.085481682496607786e-02
1.100000000000000000e+01 1.000000000000000000e+00 9.300000000000000000e+01 9.166666666666666297e-01 9.166666666666666297e-01 2.400000000000000000e+01 9.565217391304348116e-01 9.166666666666666297e-01
1.100000000000000000e+01 9.090909090909090606e-01 9.300000000000000000e+01 7.692307692307692735e-01 2.325581395348837177e-01 5.100000000000000000e+01 8.333333333333333703e-01 2.325581395348837177e-01
1.200000000000000000e+01 6.666666666666666297e-01 9.300000000000000000e+01 6.666666666666666297e-01 4.000000000000000222e-01 4.300000000000000000e+01 6.666666666666666297e-01 4.000000000000000222e-01
1.100000000000000000e+01 5.454545454545454142e-01 9.300000000000000000e+01 8.571428571428570953e-01 1.192842942345924417e-02 7.000000000000000000e+01 6.666666666666666297e-01 1.192842942345924417e-02
5.600000000000000000e+01 1.000000000000000000e+00 9.300000000000000000e+01 9.824561403508771384e-01 9.824561403508771384e-01 9.900000000000000000e+01 9.911504424778760924e-01 9.824561403508771384e-01
1.040000000000000000e+02 9.615384615384615641e-01 9.300000000000000000e+01 9.090909090909090606e-01 6.361323155216284941e-02 9.700000000000000000e+01 9.345794392523364413e-01 6.361323155216284941e-02
7.900000000000000000e+01 9.873417721518987777e-01 9.300000000000000000e+01 9.873417721518987777e-01 1.090909090909090856e-01 9.900000000000000000e+01 9.873417721518987777e-01 1.090909090909090856e-01
9.000000000000000000e+00 1.000000000000000000e+00 9.300000000000000000e+01 9.000000000000000222e-01 9.000000000000000222e-01 9.900000000000000000e+01 9.473684210526315264e-01 9.000000000000000222e-01
1.070000000000000000e+02 9.345794392523364413e-01 9.300000000000000000e+01 8.264462809917355601e-01 4.366812227074235581e-02 1.000000000000000000e+02 8.771929824561403022e-01 4.366812227074235581e-02
1.500000000000000000e+01 5.999999999999999778e-01 9.300000000000000000e+01 6.923076923076922906e-01 6.320224719101123420e-03 4.500000000000000000e+01 6.428571428571429047e-01 6.320224719101123420e-03
1.200000000000000000e+01 9.166666666666666297e-01 9.300000000000000000e+01 8.461538461538461453e-01 1.594202898550724501e-01 3.300000000000000000e+01 8.800000000000000044e-01 1.594202898550724501e-01
1.200000000000000000e+01 1.000000000000000000e+00 9.300000000000000000e+01 8.000000000000000444e-01 8.000000000000000444e-01 6.600000000000000000e+01 8.888888888888888395e-01 8.000000000000000444e-01
1.100000000000000000e+01 1.000000000000000000e+00 9.300000000000000000e+01 9.166666666666666297e-01 9.166666666666666297e-01 3.100000000000000000e+01 9.565217391304348116e-01 9.166666666666666297e-01
1.100000000000000000e+01 1.000000000000000000e+00 9.300000000000000000e+01 7.857142857142856984e-01 7.857142857142856984e-01 3.300000000000000000e+01 8.800000000000000044e-01 7.857142857142856984e-01
1.290000000000000000e+02 9.922480620155038622e-01 9.300000000000000000e+01 7.804878048780488076e-01 5.304600082884376039e-02 9.800000000000000000e+01 8.737201365187713398e-01 5.304600082884376039e-02
1.390000000000000000e+02 9.856115107913668849e-01 9.300000000000000000e+01 7.287234042553191182e-01 2.485035370941411290e-02 1.000000000000000000e+02 8.379204892966360951e-01 2.485035370941411290e-02
1.340000000000000000e+02 9.776119402985075091e-01 9.300000000000000000e+01 8.238993710691824290e-01 8.966461327857631891e-02 1.000000000000000000e+02 8.941979522184300144e-01 8.966461327857631891e-02
1.360000000000000000e+02 9.852941176470588758e-01 9.300000000000000000e+01 8.072289156626506479e-01 5.175743530320586760e-02 9.900000000000000000e+01 8.874172185430463378e-01 5.175743530320586760e-02
2.200000000000000000e+01 1.000000000000000000e+00 9.300000000000000000e+01 9.166666666666666297e-01 9.166666666666666297e-01 9.900000000000000000e+01 9.565217391304348116e-01 9.166666666666666297e-01
1.500000000000000000e+01 8.000000000000000444e-01 9.300000000000000000e+01 9.230769230769231282e-01 1.944894651539708433e-02 9.900000000000000000e+01 8.571428571428570953e-01 1.944894651539708433e-02
1.500000000000000000e+01 8.666666666666666963e-01 9.300000000000000000e+01 9.285714285714286031e-01 1.783264746227709169e-02 8.800000000000000000e+01 8.965517241379310498e-01 1.783264746227709169e-02
1.700000000000000000e+01 7.647058823529411242e-01 9.300000000000000000e+01 7.222222222222222099e-01 1.143359718557607728e-02 7.900000000000000000e+01 7.428571428571428825e-01 1.143359718557607728e-02
1.400000000000000000e+01 5.714285714285713969e-01 9.300000000000000000e+01 1.000000000000000000e+00 1.028277634961439514e-02 6.300000000000000000e+01 7.272727272727272929e-01 1.028277634961439514e-02
1.600000000000000000e+01 8.750000000000000000e-01 9.300000000000000000e+01 7.777777777777777901e-01 2.641509433962264258e-02 6.900000000000000000e+01 8.235294117647058432e-01 2.641509433962264258e-02
1.600000000000000000e+01 6.875000000000000000e-01 9.300000000000000000e+01 4.782608695652174058e-01 5.191127890514393370e-03 5.500000000000000000e+01 5.641025641025640969e-01 5.191127890514393370e-03
1.900000000000000000e+01 8.947368421052631637e-01 9.300000000000000000e+01 7.391304347826086474e-01 8.555611474584801437e-03 9.300000000000000000e+01 8.095238095238095344e-01 8.555611474584801437e-03
1.900000000000000000e+01 7.368421052631578538e-01 9.300000000000000000e+01 6.666666666666666297e-01 1.033210332103321090e-02 7.800000000000000000e+01 6.999999999999999556e-01 1.033210332103321090e-02
1.800000000000000000e+01 8.333333333333333703e-01 9.300000000000000000e+01 7.894736842105263275e-01 1.891551071878940643e-02 6.400000000000000000e+01 8.108108108108108558e-01 1.891551071878940643e-02
1.800000000000000000e+01 6.111111111111111605e-01 9.300000000000000000e+01 8.461538461538461453e-01 6.221719457013574241e-03 7.200000000000000000e+01 7.096774193548387455e-01 6.221719457013574241e-03
1.100000000000000000e+01 1.000000000000000000e+00 9.300000000000000000e+01 1.000000000000000000e+00 1.000000000000000000e+00 2.200000000000000000e+01 1.000000000000000000e+00 1.000000000000000000e+00
7.000000000000000000e+00 1.000000000000000000e+00 9.300000000000000000e+01 8.750000000000000000e-01 8.750000000000000000e-01 2.200000000000000000e+01 9.333333333333333481e-01 8.750000000000000000e-01
8.000000000000000000e+00 1.000000000000000000e+00 9.300000000000000000e+01 8.888888888888888395e-01 8.888888888888888395e-01 2.800000000000000000e+01 9.411764705882352811e-01 8.888888888888888395e-01
1.300000000000000000e+01 6.923076923076922906e-01 9.300000000000000000e+01 8.181818181818182323e-01 2.195121951219512202e-01 4.500000000000000000e+01 7.500000000000000000e-01 2.195121951219512202e-01
1.000000000000000000e+01 1.000000000000000000e+00 9.300000000000000000e+01 9.090909090909090606e-01 9.090909090909090606e-01 9.100000000000000000e+01 9.523809523809523281e-01 9.090909090909090606e-01
2.600000000000000000e+01 1.000000000000000000e+00 9.300000000000000000e+01 7.027027027027027417e-01 3.286978508217446027e-02 5.000000000000000000e+01 8.253968253968253510e-01 3.286978508217446027e-02
1.500000000000000000e+01 9.333333333333333481e-01 9.300000000000000000e+01 8.750000000000000000e-01 3.954802259887005983e-02 5.000000000000000000e+01 9.032258064516128782e-01 3.954802259887005983e-02
1.100000000000000000e+01 1.000000000000000000e+00 9.300000000000000000e+01 7.857142857142856984e-01 7.857142857142856984e-01 1.190000000000000000e+02 8.800000000000000044e-01 7.857142857142856984e-01
2.800000000000000000e+01 8.214285714285713969e-01 9.300000000000000000e+01 8.846153846153845812e-01 1.314285714285714224e-01 8.500000000000000000e+01 8.518518518518518601e-01 1.314285714285714224e-01
2.800000000000000000e+01 6.785714285714286031e-01 9.300000000000000000e+01 9.047619047619047672e-01 8.837209302325581273e-02 8.900000000000000000e+01 7.755102040816326259e-01 8.837209302325581273e-02
2.800000000000000000e+01 7.142857142857143016e-01 9.300000000000000000e+01 8.333333333333333703e-01 1.015228426395939076e-01 6.300000000000000000e+01 7.692307692307692735e-01 1.015228426395939076e-01
1.700000000000000000e+01 1.000000000000000000e+00 9.300000000000000000e+01 1.000000000000000000e+00 1.000000000000000000e+00 5.900000000000000000e+01 1.000000000000000000e+00 1.000000000000000000e+00
1.300000000000000000e+01 2.307692307692307820e-01 9.300000000000000000e+01 4.285714285714285476e-01 8.823529411764706454e-02 3.100000000000000000e+01 2.999999999999999889e-01 8.823529411764706454e-02
1.600000000000000000e+01 1.000000000000000000e+00 9.300000000000000000e+01 8.888888888888888395e-01 2.461538461538461675e-01 7.800000000000000000e+01 9.411764705882352811e-01 2.461538461538461675e-01
3.400000000000000000e+01 8.235294117647058432e-01 9.300000000000000000e+01 9.655172413793103869e-01 6.511627906976744096e-02 5.200000000000000000e+01 8.888888888888888395e-01 6.511627906976744096e-02
2.800000000000000000e+01 9.642857142857143016e-01 9.300000000000000000e+01 9.310344827586206629e-01 1.323529411764705899e-01 1.050000000000000000e+02 9.473684210526315264e-01 1.323529411764705899e-01
2.600000000000000000e+01 9.615384615384615641e-01 9.300000000000000000e+01 8.928571428571429047e-01 1.524390243902438991e-01 5.700000000000000000e+01 9.259259259259259300e-01 1.524390243902438991e-01
1.700000000000000000e+01 1.000000000000000000e+00 9.300000000000000000e+01 8.947368421052631637e-01 8.947368421052631637e-01 7.600000000000000000e+01 9.444444444444444198e-01 8.947368421052631637e-01
2.800000000000000000e+01 5.000000000000000000e-01 9.300000000000000000e+01 6.999999999999999556e-01 4.575163398692810163e-02 8.200000000000000000e+01 5.833333333333333703e-01 4.575163398692810163e-02
1.600000000000000000e+01 1.000000000000000000e+00 9.300000000000000000e+01 8.888888888888888395e-01 8.888888888888888395e-01 4.700000000000000000e+01 9.411764705882352811e-01 8.888888888888888395e-01
9.000000000000000000e+00 1.000000000000000000e+00 9.300000000000000000e+01 9.000000000000000222e-01 9.000000000000000222e-01 2.600000000000000000e+01 9.473684210526315264e-01 9.000000000000000222e-01
1.200000000000000000e+01 1.000000000000000000e+00 9.300000000000000000e+01 1.000000000000000000e+00 1.000000000000000000e+00 3.600000000000000000e+01 1.000000000000000000e+00 1.000000000000000000e+00
9.000000000000000000e+00 1.000000000000000000e+00 9.300000000000000000e+01 1.000000000000000000e+00 1.000000000000000000e+00 3.400000000000000000e+01 1.000000000000000000e+00 1.000000000000000000e+00
8.000000000000000000e+00 8.750000000000000000e-01 9.300000000000000000e+01 8.750000000000000000e-01 2.333333333333333370e-01 2.500000000000000000e+01 8.750000000000000000e-01 2.333333333333333370e-01
1.300000000000000000e+01 6.923076923076922906e-01 9.300000000000000000e+01 6.923076923076922906e-01 1.139240506329113889e-01 4.300000000000000000e+01 6.923076923076922906e-01 1.139240506329113889e-01
1.400000000000000000e+01 5.000000000000000000e-01 9.300000000000000000e+01 7.777777777777777901e-01 3.684210526315789130e-02 3.500000000000000000e+01 6.086956521739130821e-01 3.684210526315789130e-02
1.300000000000000000e+01 1.000000000000000000e+00 9.300000000000000000e+01 1.000000000000000000e+00 1.000000000000000000e+00 3.600000000000000000e+01 1.000000000000000000e+00 1.000000000000000000e+00
1.900000000000000000e+01 3.157894736842105088e-01 9.300000000000000000e+01 5.454545454545454142e-01 2.448979591836734568e-02 3.400000000000000000e+01 4.000000000000000222e-01 2.448979591836734568e-02
2.800000000000000000e+01 7.500000000000000000e-01 9.300000000000000000e+01 5.833333333333333703e-01 1.971830985915493106e-02 1.000000000000000000e+02 6.562500000000000000e-01 1.971830985915493106e-02
1.000000000000000000e+01 8.000000000000000444e-01 9.300000000000000000e+01 1.000000000000000000e+00 3.333333333333333148e-01 2.300000000000000000e+01 8.888888888888888395e-01 3.333333333333333148e-01
1.600000000000000000e+01 1.000000000000000000e+00 9.300000000000000000e+01 9.411764705882352811e-01 7.272727272727272929e-01 4.800000000000000000e+01 9.696969696969697239e-01 7.272727272727272929e-01
1.800000000000000000e+01 3.888888888888888951e-01 9.300000000000000000e+01 4.375000000000000000e-01 2.028985507246376663e-02 1.170000000000000000e+02 4.117647058823529216e-01 2.028985507246376663e-02
2.100000000000000000e+01 4.285714285714285476e-01 9.300000000000000000e+01 8.181818181818182323e-01 2.513966480446927498e-02 6.800000000000000000e+01 5.625000000000000000e-01 2.513966480446927498e-02
1.500000000000000000e+01 5.333333333333333259e-01 9.300000000000000000e+01 7.272727272727272929e-01 1.230769230769230838e-01 4.600000000000000000e+01 6.153846153846154188e-01 1.230769230769230838e-01
4.500000000000000000e+01 5.333333333333333259e-01 9.300000000000000000e+01 1.000000000000000000e+00 4.060913705583756028e-02 1.120000000000000000e+02 6.956521739130434590e-01 4.060913705583756028e-02
3.200000000000000000e+01 3.437500000000000000e-01 9.300000000000000000e+01 8.461538461538461453e-01 1.564722617354196224e-02 8.500000000000000000e+01 4.888888888888888729e-01 1.564722617354196224e-02
2.300000000000000000e+01 6.956521739130434590e-01 9.300000000000000000e+01 8.888888888888888395e-01 7.547169811320754429e-02 6.100000000000000000e+01 7.804878048780488076e-01 7.547169811320754429e-02
1.900000000000000000e+01 1.000000000000000000e+00 9.300000000000000000e+01 9.047619047619047672e-01 9.047619047619047672e-01 1.050000000000000000e+02 9.499999999999999556e-01 9.047619047619047672e-01
1.500000000000000000e+01 8.666666666666666963e-01 9.300000000000000000e+01 7.647058823529411242e-01 4.193548387096774355e-01 7.100000000000000000e+01 8.125000000000000000e-01 4.193548387096774355e-01
2.000000000000000000e+01 6.500000000000000222e-01 9.300000000000000000e+01 7.647058823529411242e-01 4.318936877076411801e-02 9.500000000000000000e+01 7.027027027027027417e-01 4.318936877076411801e-02
1.000000000000000000e+01 6.999999999999999556e-01 9.300000000000000000e+01 6.999999999999999556e-01 1.272727272727272596e-01 3.500000000000000000e+01 6.999999999999999556e-01 1.272727272727272596e-01
7.000000000000000000e+00 1.000000000000000000e+00 9.300000000000000000e+01 8.750000000000000000e-01 8.750000000000000000e-01 2.700000000000000000e+01 9.333333333333333481e-01 8.750000000000000000e-01
1.100000000000000000e+01 5.454545454545454142e-01 9.300000000000000000e+01 5.999999999999999778e-01 1.034482758620689641e-01 2.400000000000000000e+01 5.714285714285713969e-01 1.034482758620689641e-01
1.100000000000000000e+01 1.000000000000000000e+00 9.300000000000000000e+01 7.857142857142856984e-01 1.527777777777777901e-01 2.500000000000000000e+01 8.800000000000000044e-01 1.527777777777777901e-01
1.000000000000000000e+01 8.000000000000000444e-01 9.300000000000000000e+01 6.153846153846154188e-01 6.299212598425196763e-02 4.700000000000000000e+01 6.956521739130434590e-01 6.299212598425196763e-02
1.900000000000000000e+01 5.789473684210526550e-01 9.300000000000000000e+01 7.857142857142856984e-01 4.000000000000000083e-02 4.700000000000000000e+01 6.666666666666666297e-01 4.000000000000000083e-02
1.300000000000000000e+01 9.230769230769231282e-01 9.300000000000000000e+01 7.058823529411765163e-01 5.084745762711864736e-02 5.900000000000000000e+01 8.000000000000000444e-01 5.084745762711864736e-02
3.600000000000000000e+01 5.277777777777777901e-01 9.300000000000000000e+01 7.600000000000000089e-01 2.806499261447562704e-02 9.500000000000000000e+01 6.229508196721311730e-01 2.806499261447562704e-02
2.800000000000000000e+01 6.428571428571429047e-01 9.300000000000000000e+01 9.000000000000000222e-01 2.538787023977432875e-02 1.220000000000000000e+02 7.500000000000000000e-01 2.538787023977432875e-02
1.900000000000000000e+01 4.736842105263157632e-01 9.300000000000000000e+01 6.428571428571429047e-01 5.732484076433121134e-02 1.040000000000000000e+02 5.454545454545454142e-01 5.732484076433121134e-02
2.200000000000000000e+01 9.090909090909090606e-01 9.300000000000000000e+01 8.695652173913043237e-01 9.900990099009901457e-02 1.000000000000000000e+02 8.888888888888888395e-01 9.900990099009901457e-02
1.800000000000000000e+01 1.000000000000000000e+00 9.300000000000000000e+01 1.000000000000000000e+00 1.000000000000000000e+00 3.900000000000000000e+01 1.000000000000000000e+00 1.000000000000000000e+00
2.500000000000000000e+01 8.399999999999999689e-01 9.300000000000000000e+01 8.399999999999999689e-01 2.530120481927710663e-01 9.000000000000000000e+01 8.399999999999999689e-01 2.530120481927710663e-01
1.400000000000000000e+01 8.571428571428570953e-01 9.300000000000000000e+01 9.230769230769231282e-01 2.500000000000000000e-01 5.200000000000000000e+01 8.888888888888888395e-01 2.500000000000000000e-01
2.300000000000000000e+01 6.086956521739130821e-01 9.300000000000000000e+01 1.000000000000000000e+00 3.899721448467966672e-02 6.100000000000000000e+01 7.567567567567567988e-01 3.899721448467966672e-02
1.800000000000000000e+01 1.000000000000000000e+00 9.300000000000000000e+01 9.473684210526315264e-01 9.473684210526315264e-01 1.490000000000000000e+02 9.729729729729730270e-01 9.473684210526315264e-01
3.200000000000000000e+01 3.750000000000000000e-01 9.300000000000000000e+01 6.666666666666666297e-01 1.091901728844404083e-02 1.450000000000000000e+02 4.799999999999999822e-01 1.091901728844404083e-02
1.800000000000000000e+01 5.000000000000000000e-01 9.300000000000000000e+01 5.625000000000000000e-01 3.488372093023255766e-02 7.800000000000000000e+01 5.294117647058823595e-01 3.488372093023255766e-02
2.300000000000000000e+01 7.391304347826086474e-01 9.300000000000000000e+01 8.947368421052631637e-01 2.463768115942029102e-01 4.100000000000000000e+01 8.095238095238095344e-01 2.463768115942029102e-01
2.100000000000000000e+01 9.047619047619047672e-01 9.300000000000000000e+01 8.260869565217391353e-01 5.135135135135134865e-01 5.900000000000000000e+01 8.636363636363636465e-01 5.135135135135134865e-01
2.500000000000000000e+01 4.000000000000000222e-01 9.300000000000000000e+01 7.142857142857143016e-01 4.115226337448559674e-02 6.300000000000000000e+01 5.128205128205127750e-01 4.115226337448559674e-02
2.400000000000000000e+01 7.083333333333333703e-01 9.300000000000000000e+01 8.947368421052631637e-01 6.882591093117408632e-02 6.900000000000000000e+01 7.906976744186046124e-01 6.882591093117408632e-02
2.100000000000000000e+01 8.095238095238095344e-01 9.300000000000000000e+01 7.727272727272727071e-01 2.098765432098765316e-01 9.900000000000000000e+01 7.906976744186046124e-01 2.098765432098765316e-01
3.900000000000000000e+01 2.564102564102563875e-01 9.300000000000000000e+01 7.142857142857143016e-01 1.273885350318471402e-02 6.700000000000000000e+01 3.773584905660377631e-01 1.273885350318471402e-02
2.700000000000000000e+01 9.629629629629629095e-01 9.300000000000000000e+01 9.285714285714286031e-01 2.342342342342342287e-01 6.600000000000000000e+01 9.454545454545454364e-01 2.342342342342342287e-01
