# truecount	recall	nodecounts	precision	adjaccuracy	truenodecounts	f1score	accuracy
2.100000000000000000e+01 1.000000000000000000e+00 9.300000000000000000e+01 2.226935312831389291e-02 2.226935312831389291e-02 8.700000000000000000e+01 4.356846473029045430e-02 2.226935312831389291e-02
2.600000000000000000e+01 1.000000000000000000e+00 9.300000000000000000e+01 2.056962025316455556e-02 2.056962025316455556e-02 9.300000000000000000e+01 4.031007751937984440e-02 2.056962025316455556e-02
2.300000000000000000e+01 1.000000000000000000e+00 9.300000000000000000e+01 4.078014184397163455e-02 4.078014184397163455e-02 8.600000000000000000e+01 7.836456558773424730e-02 4.078014184397163455e-02
6.500000000000000000e+01 1.000000000000000000e+00 9.300000000000000000e+01 2.888888888888888756e-02 2.888888888888888756e-02 8.300000000000000000e+01 5.615550755939524574e-02 2.888888888888888756e-02
3.100000000000000000e+01 1.000000000000000000e+00 9.300000000000000000e+01 2.418096723868954842e-02 2.418096723868954842e-02 7.800000000000000000e+01 4.722010662604721881e-02 2.418096723868954842e-02
2.500000000000000000e+01 1.000000000000000000e+00 9.300000000000000000e+01 1.906941266209000868e-02 1.906941266209000868e-02 1.010000000000000000e+02 3.742514970059879903e-02 1.906941266209000868e-02
8.900000000000000000e+01 1.000000000000000000e+00 9.300000000000000000e+01 4.818624796968056651e-02 4.818624796968056651e-02 1.010000000000000000e+02 9.194214876033057759e-02 4.818624796968056651e-02
1.000000000000000000e+01 1.000000000000000000e+00 9.300000000000000000e+01 7.800312012480499491e-03 7.800312012480499491e-03 8.400000000000000000e+01 1.547987616099071213e-02 7.800312012480499491e-03
4.400000000000000000e+01 1.000000000000000000e+00 9.300000000000000000e+01 2.571595558153126973e-02 2.571595558153126973e-02 8.900000000000000000e+01 5.014245014245014009e-02 2.571595558153126973e-02
4.900000000000000000e+01 1.000000000000000000e+00 9.300000000000000000e+01 4.861111111111111188e-02 4.861111111111111188e-02 1.040000000000000000e+02 9.271523178807947185e-02 4.861111111111111188e-02
1.250000000000000000e+02 1.000000000000000000e+00 9.300000000000000000e+01 5.112474437627811952e-02 5.112474437627811952e-02 1.130000000000000000e+02 9.727626459143969007e-02 5.112474437627811952e-02
3.100000000000000000e+01 1.000000000000000000e+00 9.300000000000000000e+01 1.932668329177057373e-02 1.932668329177057373e-02 1.200000000000000000e+02 3.792048929663608542e-02 1.932668329177057373e-02
1.900000000000000000e+01 1.000000000000000000e+00 9.300000000000000000e+01 1.049144119271120876e-02 1.049144119271120876e-02 5.700000000000000000e+01 2.076502732240437243e-02 1.049144119271120876e-02
1.270000000000000000e+02 1.000000000000000000e+00 9.300000000000000000e+01 6.529562982005140959e-02 6.529562982005140959e-02 1.160000000000000000e+02 1.225868725868725917e-01 6.529562982005140959e-02
1.420000000000000000e+02 1.000000000000000000e+00 9.300000000000000000e+01 6.833493743984600521e-02 6.833493743984600521e-02 1.150000000000000000e+02 1.279279279279279258e-01 6.833493743984600521e-02
1.620000000000000000e+02 1.000000000000000000e+00 9.300000000000000000e+01 6.792452830188679125e-02 6.792452830188679125e-02 1.620000000000000000e+02 1.272084805653710127e-01 6.792452830188679125e-02
1.440000000000000000e+02 1.000000000000000000e+00 9.300000000000000000e+01 4.426683061789117579e-02 4.426683061789117579e-02 1.330000000000000000e+02 8.478068884309684916e-02 4.426683061789117579e-02
3.790000000000000000e+02 1.000000000000000000e+00 9.300000000000000000e+01 1.013911182450508291e-01 1.013911182450508291e-01 1.380000000000000000e+02 1.841146465873208515e-01 1.013911182450508291e-01
1.840000000000000000e+02 9.945652173913043237e-01 9.300000000000000000e+01 7.624999999999999833e-02 7.621824239900042153e-02 1.460000000000000000e+02 1.416408668730650133e-01 7.621824239900042153e-02
5.400000000000000000e+01 1.000000000000000000e+00 9.300000000000000000e+01 3.366583541147132042e-02 3.366583541147132042e-02 1.440000000000000000e+02 6.513872135102533045e-02 3.366583541147132042e-02
1.850000000000000000e+02 1.000000000000000000e+00 9.300000000000000000e+01 6.283967391304347283e-02 6.283967391304347283e-02 1.980000000000000000e+02 1.182486417385746197e-01 6.283967391304347283e-02
1.320000000000000000e+02 1.000000000000000000e+00 9.300000000000000000e+01 6.055045871559633364e-02 6.055045871559633364e-02 1.970000000000000000e+02 1.141868512110726652e-01 6.055045871559633364e-02
2.800000000000000000e+02 1.000000000000000000e+00 9.300000000000000000e+01 9.540034071550256012e-02 9.540034071550256012e-02 2.070000000000000000e+02 1.741835147744945633e-01 9.540034071550256012e-02
2.390000000000000000e+02 1.000000000000000000e+00 9.300000000000000000e+01 8.631274828457927151e-02 8.631274828457927151e-02 2.120000000000000000e+02 1.589095744680850963e-01 8.631274828457927151e-02
9.700000000000000000e+01 9.896907216494845727e-01 9.300000000000000000e+01 4.875571356018283675e-02 4.873096446700507511e-02 1.740000000000000000e+02 9.293320425943853158e-02 4.873096446700507511e-02
3.000000000000000000e+00 1.000000000000000000e+00 9.300000000000000000e+01 1.000000000000000000e+00 1.000000000000000000e+00 9.000000000000000000e+00 1.000000000000000000e+00 1.000000000000000000e+00
2.000000000000000000e+00 1.000000000000000000e+00 9.300000000000000000e+01 1.000000000000000000e+00 1.000000000000000000e+00 6.000000000000000000e+00 1.000000000000000000e+00 1.000000000000000000e+00
4.000000000000000000e+00 7.500000000000000000e-01 9.300000000000000000e+01 4.285714285714285476e-01 3.750000000000000000e-01 1.900000000000000000e+01 5.454545454545454142e-01 3.750000000000000000e-01
3.000000000000000000e+00 1.000000000000000000e+00 9.300000000000000000e+01 1.000000000000000000e+00 1.000000000000000000e+00 9.000000000000000000e+00 1.000000000000000000e+00 1.000000000000000000e+00
2.000000000000000000e+00 1.000000000000000000e+00 9.300000000000000000e+01 1.000000000000000000e+00 1.000000000000000000e+00 6.000000000000000000e+00 1.000000000000000000e+00 1.000000000000000000e+00
4.400000000000000000e+01 6.363636363636363535e-01 9.300000000000000000e+01 1.122244488977955888e-02 1.115093588211867742e-02 5.500000000000000000e+01 2.205592753052382921e-02 1.115093588211867742e-02
5.000000000000000000e+01 5.799999999999999600e-01 9.300000000000000000e+01 1.388224030636668258e-02 1.374407582938388592e-02 9.300000000000000000e+01 2.711547452080411563e-02 1.374407582938388592e-02
4.900000000000000000e+01 5.510204081632652517e-01 9.300000000000000000e+01 2.380952380952380820e-02 2.335640138408304547e-02 9.900000000000000000e+01 4.564666103127641705e-02 2.335640138408304547e-02
1.600000000000000000e+01 5.000000000000000000e-01 9.300000000000000000e+01 8.000000000000000444e-01 4.444444444444444198e-01 9.900000000000000000e+01 6.153846153846154188e-01 4.444444444444444198e-01
5.100000000000000000e+01 5.490196078431373028e-01 9.300000000000000000e+01 1.203783319002579497e-02 1.191996594295444828e-02 8.600000000000000000e+01 2.355910811947833569e-02 1.191996594295444828e-02
8.000000000000000000e+00 5.000000000000000000e-01 9.300000000000000000e+01 6.666666666666666297e-01 4.000000000000000222e-01 9.900000000000000000e+01 5.714285714285713969e-01 4.000000000000000222e-01
6.000000000000000000e+00 1.000000000000000000e+00 9.300000000000000000e+01 5.999999999999999778e-01 5.999999999999999778e-01 1.700000000000000000e+01 7.500000000000000000e-01 5.999999999999999778e-01
9.000000000000000000e+00 5.555555555555555802e-01 9.300000000000000000e+01 6.250000000000000000e-01 4.166666666666666852e-01 4.800000000000000000e+01 5.882352941176470784e-01 4.166666666666666852e-01
1.000000000000000000e+01 5.999999999999999778e-01 9.300000000000000000e+01 5.999999999999999778e-01 4.285714285714285476e-01 8.300000000000000000e+01 5.999999999999999778e-01 4.285714285714285476e-01
6.000000000000000000e+00 8.333333333333333703e-01 9.300000000000000000e+01 8.333333333333333703e-01 7.142857142857143016e-01 2.500000000000000000e+01 8.333333333333333703e-01 7.142857142857143016e-01
9.900000000000000000e+01 5.555555555555555802e-01 9.300000000000000000e+01 4.002911208151382905e-02 3.878702397743300639e-02 9.600000000000000000e+01 7.467752885268159890e-02 3.878702397743300639e-02
1.120000000000000000e+02 5.178571428571429047e-01 9.300000000000000000e+01 1.879455605962410819e-02 1.847133757961783376e-02 9.900000000000000000e+01 3.627267041901188066e-02 1.847133757961783376e-02
1.120000000000000000e+02 5.178571428571429047e-01 9.300000000000000000e+01 6.996381182147165534e-02 6.568516421291052676e-02 9.900000000000000000e+01 1.232731137088204088e-01 6.568516421291052676e-02
8.100000000000000000e+01 6.172839506172839164e-01 9.300000000000000000e+01 3.703703703703703498e-02 3.620564808110065397e-02 9.100000000000000000e+01 6.988120195667366086e-02 3.620564808110065397e-02
1.140000000000000000e+02 5.000000000000000000e-01 9.300000000000000000e+01 6.250000000000000000e-02 5.882352941176470507e-02 9.900000000000000000e+01 1.111111111111111049e-01 5.882352941176470507e-02
1.000000000000000000e+01 8.000000000000000444e-01 9.300000000000000000e+01 8.888888888888888395e-01 7.272727272727272929e-01 3.300000000000000000e+01 8.421052631578946901e-01 7.272727272727272929e-01
1.000000000000000000e+01 8.000000000000000444e-01 9.300000000000000000e+01 8.888888888888888395e-01 7.272727272727272929e-01 2.300000000000000000e+01 8.421052631578946901e-01 7.272727272727272929e-01
1.400000000000000000e+01 5.714285714285713969e-01 9.300000000000000000e+01 7.272727272727272929e-01 4.705882352941176405e-01 3.700000000000000000e+01 6.400000000000000133e-01 4.705882352941176405e-01
1.000000000000000000e+01 6.999999999999999556e-01 9.300000000000000000e+01 3.825136612021858007e-02 3.763440860215053890e-02 3.300000000000000000e+01 7.253886010362693704e-02 3.763440860215053890e-02
1.100000000000000000e+01 8.181818181818182323e-01 9.300000000000000000e+01 5.357142857142856845e-02 5.294117647058823456e-02 4.400000000000000000e+01 1.005586592178770999e-01 5.294117647058823456e-02
1.510000000000000000e+02 5.165562913907284504e-01 9.300000000000000000e+01 5.995388162951575950e-02 5.676855895196506602e-02 9.900000000000000000e+01 1.074380165289256228e-01 5.676855895196506602e-02
6.600000000000000000e+01 5.000000000000000000e-01 9.300000000000000000e+01 9.428571428571428381e-01 4.852941176470588203e-01 9.900000000000000000e+01 6.534653465346534906e-01 4.852941176470588203e-01
1.570000000000000000e+02 5.222929936305732435e-01 9.300000000000000000e+01 3.710407239819004527e-02 3.588621444201312710e-02 9.600000000000000000e+01 6.928601605407688768e-02 3.588621444201312710e-02
1.420000000000000000e+02 5.070422535211267512e-01 9.300000000000000000e+01 9.863013698630136439e-01 5.034965034965035446e-01 9.900000000000000000e+01 6.697674418604651070e-01 5.034965034965035446e-01
5.400000000000000000e+01 5.000000000000000000e-01 9.300000000000000000e+01 9.642857142857143016e-01 4.909090909090909061e-01 9.900000000000000000e+01 6.585365853658536883e-01 4.909090909090909061e-01
1.800000000000000000e+01 6.666666666666666297e-01 9.300000000000000000e+01 1.628222523744911679e-02 1.615074024226110377e-02 6.600000000000000000e+01 3.178807947019867547e-02 1.615074024226110377e-02
1.800000000000000000e+01 6.111111111111111605e-01 9.300000000000000000e+01 9.166666666666666297e-01 5.789473684210526550e-01 2.400000000000000000e+01 7.333333333333332815e-01 5.789473684210526550e-01
1.600000000000000000e+01 6.875000000000000000e-01 9.300000000000000000e+01 2.558139534883721034e-01 2.291666666666666574e-01 5.100000000000000000e+01 3.728813559322033955e-01 2.291666666666666574e-01
1.400000000000000000e+01 8.571428571428570953e-01 9.300000000000000000e+01 5.999999999999999778e-01 5.454545454545454142e-01 4.300000000000000000e+01 7.058823529411765163e-01 5.454545454545454142e-01
1.600000000000000000e+01 6.875000000000000000e-01 9.300000000000000000e+01 2.186878727634194997e-02 2.165354330708661387e-02 7.000000000000000000e+01 4.238921001926782006e-02 2.165354330708661387e-02
1.120000000000000000e+02 5.000000000000000000e-01 9.300000000000000000e+01 9.824561403508771384e-01 4.955752212389380462e-01 9.900000000000000000e+01 6.627218934911243142e-01 4.955752212389380462e-01
2.010000000000000000e+02 5.174129353233830608e-01 9.300000000000000000e+01 6.615776081424935839e-02 6.231276213301378125e-02 9.700000000000000000e+01 1.173152848279751803e-01 6.231276213301378125e-02
1.570000000000000000e+02 5.031847133757961776e-01 9.300000000000000000e+01 1.104895104895104868e-01 9.962168978562421784e-02 9.900000000000000000e+01 1.811926605504587118e-01 9.962168978562421784e-02
1.800000000000000000e+01 5.000000000000000000e-01 9.300000000000000000e+01 9.000000000000000222e-01 4.736842105263157632e-01 9.900000000000000000e+01 6.428571428571429047e-01 4.736842105263157632e-01
2.040000000000000000e+02 5.245098039215686514e-01 9.300000000000000000e+01 4.672489082969432522e-02 4.482614160033514955e-02 1.000000000000000000e+02 8.580593424218123377e-02 4.482614160033514955e-02
2.100000000000000000e+01 7.142857142857143016e-01 9.300000000000000000e+01 1.053370786516853903e-02 1.048951048951048994e-02 4.500000000000000000e+01 2.076124567474048332e-02 1.048951048951048994e-02
1.600000000000000000e+01 7.500000000000000000e-01 9.300000000000000000e+01 1.739130434782608647e-01 1.643835616438356073e-01 3.300000000000000000e+01 2.823529411764705843e-01 1.643835616438356073e-01
2.000000000000000000e+01 5.999999999999999778e-01 9.300000000000000000e+01 8.000000000000000444e-01 5.217391304347825942e-01 6.600000000000000000e+01 6.857142857142857206e-01 5.217391304347825942e-01
1.400000000000000000e+01 7.857142857142856984e-01 9.300000000000000000e+01 9.166666666666666297e-01 7.333333333333332815e-01 3.100000000000000000e+01 8.461538461538461453e-01 7.333333333333332815e-01
1.400000000000000000e+01 7.857142857142856984e-01 9.300000000000000000e+01 7.857142857142856984e-01 6.470588235294117974e-01 3.300000000000000000e+01 7.857142857142856984e-01 6.470588235294117974e-01
2.560000000000000000e+02 5.039062500000000000e-01 9.300000000000000000e+01 5.346042271031910265e-02 5.078740157480315237e-02 9.800000000000000000e+01 9.666541775946047022e-02 5.078740157480315237e-02
2.720000000000000000e+02 5.110294117647058432e-01 9.300000000000000000e+01 2.521313259568293275e-02 2.461919943322706320e-02 1.000000000000000000e+02 4.805531547104580775e-02 2.461919943322706320e-02
2.640000000000000000e+02 5.075757575757575690e-01 9.300000000000000000e+01 9.171800136892539757e-02 8.422375864236329723e-02 1.000000000000000000e+02 1.553623188405797162e-01 8.422375864236329723e-02
2.690000000000000000e+02 5.055762081784386242e-01 9.300000000000000000e+01 5.252993433758208069e-02 4.996326230712710981e-02 9.900000000000000000e+01 9.517144856543037490e-02 4.996326230712710981e-02
4.400000000000000000e+01 5.000000000000000000e-01 9.300000000000000000e+01 9.166666666666666297e-01 4.782608695652174058e-01 9.900000000000000000e+01 6.470588235294117974e-01 4.782608695652174058e-01
2.700000000000000000e+01 5.555555555555555802e-01 9.300000000000000000e+01 2.431118314424635454e-02 2.384737678855326087e-02 9.900000000000000000e+01 4.658385093167701635e-02 2.384737678855326087e-02
2.200000000000000000e+01 6.818181818181817677e-01 9.300000000000000000e+01 2.057613168724279837e-02 2.038043478260869595e-02 8.800000000000000000e+01 3.994673768308921319e-02 2.038043478260869595e-02
2.400000000000000000e+01 7.083333333333333703e-01 9.300000000000000000e+01 1.495162708883025424e-02 1.486013986013986002e-02 7.900000000000000000e+01 2.928509905254091453e-02 1.486013986013986002e-02
2.000000000000000000e+01 6.999999999999999556e-01 9.300000000000000000e+01 1.799485861182519367e-02 1.785714285714285615e-02 6.300000000000000000e+01 3.508771929824561209e-02 1.785714285714285615e-02
2.700000000000000000e+01 5.925925925925925597e-01 9.300000000000000000e+01 3.018867924528301910e-02 2.957486136783733788e-02 6.900000000000000000e+01 5.745062836624775793e-02 2.957486136783733788e-02
1.900000000000000000e+01 8.421052631578946901e-01 9.300000000000000000e+01 7.550731477111845454e-03 7.540056550424127993e-03 5.500000000000000000e+01 1.496725912067352685e-02 7.540056550424127993e-03
3.600000000000000000e+01 5.277777777777777901e-01 9.300000000000000000e+01 9.562154001006541865e-03 9.481037924151697327e-03 9.300000000000000000e+01 1.878398418190805816e-02 9.481037924151697327e-03
2.800000000000000000e+01 6.785714285714286031e-01 9.300000000000000000e+01 1.402214022140221318e-02 1.392961876832844552e-02 7.800000000000000000e+01 2.747650036153289829e-02 1.392961876832844552e-02
2.700000000000000000e+01 6.666666666666666297e-01 9.300000000000000000e+01 2.269861286254729049e-02 2.244389027431421477e-02 6.400000000000000000e+01 4.390243902439024126e-02 2.244389027431421477e-02
2.800000000000000000e+01 6.428571428571429047e-01 9.300000000000000000e+01 1.018099547511312243e-02 1.012373453318335219e-02 7.200000000000000000e+01 2.004454342984409929e-02 1.012373453318335219e-02
1.700000000000000000e+01 6.470588235294117974e-01 9.300000000000000000e+01 1.000000000000000000e+00 6.470588235294117974e-01 2.200000000000000000e+01 7.857142857142856984e-01 6.470588235294117974e-01
7.000000000000000000e+00 1.000000000000000000e+00 9.300000000000000000e+01 8.750000000000000000e-01 8.750000000000000000e-01 2.200000000000000000e+01 9.333333333333333481e-01 8.750000000000000000e-01
8.000000000000000000e+00 1.000000000000000000e+00 9.300000000000000000e+01 8.888888888888888395e-01 8.888888888888888395e-01 2.800000000000000000e+01 9.411764705882352811e-01 8.888888888888888395e-01
1.400000000000000000e+01 9.285714285714286031e-01 9.300000000000000000e+01 3.170731707317073211e-01 3.095238095238095344e-01 4.500000000000000000e+01 4.727272727272727182e-01 3.095238095238095344e-01
1.900000000000000000e+01 5.263157894736841813e-01 9.300000000000000000e+01 9.090909090909090606e-01 5.000000000000000000e-01 9.100000000000000000e+01 6.666666666666666297e-01 5.000000000000000000e-01
2.900000000000000000e+01 8.965517241379310498e-01 9.300000000000000000e+01 3.286978508217446027e-02 3.274559193954659775e-02 5.000000000000000000e+01 6.341463414634146423e-02 3.274559193954659775e-02
1.700000000000000000e+01 8.823529411764705621e-01 9.300000000000000000e+01 4.237288135593220151e-02 4.213483146067415613e-02 5.000000000000000000e+01 8.086253369272236591e-02 4.213483146067415613e-02
2.100000000000000000e+01 5.238095238095238360e-01 9.300000000000000000e+01 7.857142857142856984e-01 4.583333333333333148e-01 1.190000000000000000e+02 6.285714285714285587e-01 4.583333333333333148e-01
2.800000000000000000e+01 1.000000000000000000e+00 9.300000000000000000e+01 1.600000000000000033e-01 1.600000000000000033e-01 8.500000000000000000e+01 2.758620689655172376e-01 1.600000000000000033e-01
3.200000000000000000e+01 8.750000000000000000e-01 9.300000000000000000e+01 1.302325581395348819e-01 1.278538812785388057e-01 8.900000000000000000e+01 2.267206477732793546e-01 1.278538812785388057e-01
3.200000000000000000e+01 8.750000000000000000e-01 9.300000000000000000e+01 1.421319796954314818e-01 1.393034825870646809e-01 6.300000000000000000e+01 2.445414847161571925e-01 1.393034825870646809e-01
2.900000000000000000e+01 5.862068965517240882e-01 9.300000000000000000e+01 1.000000000000000000e+00 5.862068965517240882e-01 5.900000000000000000e+01 7.391304347826086474e-01 5.862068965517240882e-01
1.300000000000000000e+01 1.000000000000000000e+00 9.300000000000000000e+01 3.823529411764705621e-01 3.823529411764705621e-01 3.100000000000000000e+01 5.531914893617021489e-01 3.823529411764705621e-01
2.100000000000000000e+01 7.619047619047618625e-01 9.300000000000000000e+01 2.461538461538461675e-01 2.285714285714285643e-01 7.800000000000000000e+01 3.720930232558139483e-01 2.285714285714285643e-01
3.900000000000000000e+01 8.717948717948718063e-01 9.300000000000000000e+01 7.906976744186046402e-02 7.816091954022988397e-02 5.200000000000000000e+01 1.449893390191897558e-01 7.816091954022988397e-02
3.600000000000000000e+01 7.777777777777777901e-01 9.300000000000000000e+01 1.372549019607843257e-01 1.320754716981132060e-01 1.050000000000000000e+02 2.333333333333333370e-01 1.320754716981132060e-01
3.100000000000000000e+01 8.387096774193548709e-01 9.300000000000000000e+01 1.585365853658536606e-01 1.538461538461538547e-01 5.700000000000000000e+01 2.666666666666666630e-01 1.538461538461538547e-01
3.000000000000000000e+01 5.666666666666666519e-01 9.300000000000000000e+01 8.947368421052631637e-01 5.312500000000000000e-01 7.600000000000000000e+01 6.938775510204081565e-01 5.312500000000000000e-01
3.500000000000000000e+01 8.000000000000000444e-01 9.300000000000000000e+01 9.150326797385620325e-02 8.945686900958466081e-02 8.200000000000000000e+01 1.642228739002932481e-01 8.945686900958466081e-02
2.400000000000000000e+01 6.666666666666666297e-01 9.300000000000000000e+01 8.888888888888888395e-01 6.153846153846154188e-01 4.700000000000000000e+01 7.619047619047618625e-01 6.153846153846154188e-01
1.100000000000000000e+01 8.181818181818182323e-01 9.300000000000000000e+01 9.000000000000000222e-01 7.500000000000000000e-01 2.600000000000000000e+01 8.571428571428570953e-01 7.500000000000000000e-01
1.800000000000000000e+01 6.666666666666666297e-01 9.300000000000000000e+01 1.000000000000000000e+00 6.666666666666666297e-01 3.600000000000000000e+01 8.000000000000000444e-01 6.666666666666666297e-01
1.300000000000000000e+01 6.923076923076922906e-01 9.300000000000000000e+01 1.000000000000000000e+00 6.923076923076922906e-01 3.400000000000000000e+01 8.181818181818182323e-01 6.923076923076922906e-01
1.000000000000000000e+01 8.000000000000000444e-01 9.300000000000000000e+01 2.666666666666666630e-01 2.500000000000000000e-01 2.500000000000000000e+01 4.000000000000000222e-01 2.500000000000000000e-01
1.400000000000000000e+01 9.285714285714286031e-01 9.300000000000000000e+01 1.645569620253164445e-01 1.625000000000000056e-01 4.300000000000000000e+01 2.795698924731182533e-01 1.625000000000000056e-01
1.600000000000000000e+01 8.750000000000000000e-01 9.300000000000000000e+01 7.368421052631578261e-02 7.291666666666667129e-02 3.500000000000000000e+01 1.359223300970873738e-01 7.291666666666667129e-02
1.700000000000000000e+01 7.647058823529411242e-01 9.300000000000000000e+01 1.000000000000000000e+00 7.647058823529411242e-01 3.600000000000000000e+01 8.666666666666666963e-01 7.647058823529411242e-01
1.900000000000000000e+01 1.000000000000000000e+00 9.300000000000000000e+01 7.755102040816326536e-02 7.755102040816326536e-02 3.400000000000000000e+01 1.439393939393939503e-01 7.755102040816326536e-02
3.500000000000000000e+01 8.000000000000000444e-01 9.300000000000000000e+01 2.629107981220657128e-02 2.611940298507462593e-02 1.000000000000000000e+02 5.090909090909091078e-02 2.611940298507462593e-02
1.200000000000000000e+01 8.333333333333333703e-01 9.300000000000000000e+01 4.166666666666666852e-01 3.846153846153846367e-01 2.300000000000000000e+01 5.555555555555555802e-01 3.846153846153846367e-01
1.900000000000000000e+01 8.421052631578946901e-01 9.300000000000000000e+01 7.272727272727272929e-01 6.400000000000000133e-01 4.800000000000000000e+01 7.804878048780488076e-01 6.400000000000000133e-01
2.100000000000000000e+01 8.571428571428570953e-01 9.300000000000000000e+01 5.217391304347825803e-02 5.172413793103448204e-02 1.170000000000000000e+02 9.836065573770491621e-02 5.172413793103448204e-02
2.300000000000000000e+01 9.130434782608695121e-01 9.300000000000000000e+01 5.865921787709497265e-02 5.833333333333333426e-02 6.800000000000000000e+01 1.102362204724409434e-01 5.833333333333333426e-02
1.600000000000000000e+01 9.375000000000000000e-01 9.300000000000000000e+01 2.307692307692307820e-01 2.272727272727272652e-01 4.600000000000000000e+01 3.703703703703703498e-01 2.272727272727272652e-01
4.700000000000000000e+01 9.574468085106383475e-01 9.300000000000000000e+01 7.614213197969543767e-02 7.588532883642495896e-02 1.120000000000000000e+02 1.410658307210031215e-01 7.588532883642495896e-02
3.500000000000000000e+01 9.142857142857142572e-01 9.300000000000000000e+01 4.551920341394025821e-02 4.532577903682719761e-02 8.500000000000000000e+01 8.672086720867208665e-02 4.532577903682719761e-02
2.700000000000000000e+01 8.518518518518518601e-01 9.300000000000000000e+01 1.084905660377358527e-01 1.064814814814814825e-01 6.100000000000000000e+01 1.924686192468619272e-01 1.064814814814814825e-01
3.200000000000000000e+01 5.937500000000000000e-01 9.300000000000000000e+01 9.047619047619047672e-01 5.588235294117647189e-01 1.050000000000000000e+02 7.169811320754716499e-01 5.588235294117647189e-01
2.200000000000000000e+01 6.818181818181817677e-01 9.300000000000000000e+01 4.838709677419354982e-01 3.947368421052631637e-01 7.100000000000000000e+01 5.660377358490565891e-01 3.947368421052631637e-01
2.400000000000000000e+01 8.333333333333333703e-01 9.300000000000000000e+01 6.644518272425249672e-02 6.557377049180328210e-02 9.500000000000000000e+01 1.230769230769230838e-01 6.557377049180328210e-02
1.000000000000000000e+01 1.000000000000000000e+00 9.300000000000000000e+01 1.818181818181818232e-01 1.818181818181818232e-01 3.500000000000000000e+01 3.076923076923077094e-01 1.818181818181818232e-01
8.000000000000000000e+00 8.750000000000000000e-01 9.300000000000000000e+01 8.750000000000000000e-01 7.777777777777777901e-01 2.700000000000000000e+01 8.750000000000000000e-01 7.777777777777777901e-01
1.200000000000000000e+01 9.166666666666666297e-01 9.300000000000000000e+01 1.896551724137930939e-01 1.864406779661016977e-01 2.400000000000000000e+01 3.142857142857142794e-01 1.864406779661016977e-01
1.200000000000000000e+01 9.166666666666666297e-01 9.300000000000000000e+01 1.527777777777777901e-01 1.506849315068493067e-01 2.500000000000000000e+01 2.619047619047619180e-01 1.506849315068493067e-01
1.200000000000000000e+01 8.333333333333333703e-01 9.300000000000000000e+01 7.874015748031495954e-02 7.751937984496123923e-02 4.700000000000000000e+01 1.438848920863309289e-01 7.751937984496123923e-02
2.000000000000000000e+01 9.499999999999999556e-01 9.300000000000000000e+01 6.909090909090909172e-02 6.884057971014492794e-02 4.700000000000000000e+01 1.288135593220338937e-01 6.884057971014492794e-02
1.600000000000000000e+01 8.125000000000000000e-01 9.300000000000000000e+01 5.508474576271186335e-02 5.439330543933054707e-02 5.900000000000000000e+01 1.031746031746031689e-01 5.439330543933054707e-02
3.900000000000000000e+01 9.230769230769231282e-01 9.300000000000000000e+01 5.317577548005908428e-02 5.294117647058823456e-02 9.500000000000000000e+01 1.005586592178770999e-01 5.294117647058823456e-02
3.100000000000000000e+01 9.032258064516128782e-01 9.300000000000000000e+01 3.949224259520451447e-02 3.932584269662921239e-02 1.220000000000000000e+02 7.567567567567567988e-02 3.932584269662921239e-02
2.400000000000000000e+01 7.916666666666666297e-01 9.300000000000000000e+01 1.210191082802547780e-01 1.172839506172839441e-01 1.040000000000000000e+02 2.099447513812154609e-01 1.172839506172839441e-01
2.600000000000000000e+01 8.461538461538461453e-01 9.300000000000000000e+01 1.089108910891089105e-01 1.067961165048543631e-01 1.000000000000000000e+02 1.929824561403508665e-01 1.067961165048543631e-01
2.500000000000000000e+01 7.199999999999999734e-01 9.300000000000000000e+01 1.000000000000000000e+00 7.199999999999999734e-01 3.900000000000000000e+01 8.372093023255814392e-01 7.199999999999999734e-01
3.000000000000000000e+01 8.333333333333333703e-01 9.300000000000000000e+01 3.012048192771084598e-01 2.840909090909091161e-01 9.000000000000000000e+01 4.424778761061947119e-01 2.840909090909091161e-01
1.900000000000000000e+01 7.368421052631578538e-01 9.300000000000000000e+01 2.916666666666666852e-01 2.641509433962264120e-01 5.200000000000000000e+01 4.179104477611940149e-01 2.641509433962264120e-01
2.800000000000000000e+01 8.214285714285713969e-01 9.300000000000000000e+01 6.406685236768802638e-02 6.318681318681318437e-02 6.100000000000000000e+01 1.188630490956072289e-01 6.318681318681318437e-02
3.300000000000000000e+01 5.454545454545454142e-01 9.300000000000000000e+01 9.473684210526315264e-01 5.294117647058823595e-01 1.490000000000000000e+02 6.923076923076922906e-01 5.294117647058823595e-01
3.800000000000000000e+01 8.421052631578946901e-01 9.300000000000000000e+01 2.911737943585077440e-02 2.895927601809954871e-02 1.450000000000000000e+02 5.628847845206684519e-02 2.895927601809954871e-02
2.000000000000000000e+01 9.000000000000000222e-01 9.300000000000000000e+01 6.976744186046511531e-02 6.923076923076923461e-02 7.800000000000000000e+01 1.294964028776978415e-01 6.923076923076923461e-02
2.600000000000000000e+01 8.846153846153845812e-01 9.300000000000000000e+01 3.333333333333333148e-01 3.194444444444444198e-01 4.100000000000000000e+01 4.842105263157894801e-01 3.194444444444444198e-01
2.600000000000000000e+01 8.076923076923077094e-01 9.300000000000000000e+01 5.675675675675675436e-01 5.000000000000000000e-01 5.900000000000000000e+01 6.666666666666666297e-01 5.000000000000000000e-01
2.700000000000000000e+01 9.259259259259259300e-01 9.300000000000000000e+01 1.028806584362139953e-01 1.020408163265306145e-01 6.300000000000000000e+01 1.851851851851851749e-01 1.020408163265306145e-01
3.000000000000000000e+01 8.000000000000000444e-01 9.300000000000000000e+01 9.716599190283400911e-02 9.486166007905137698e-02 6.900000000000000000e+01 1.732851985559566710e-01 9.486166007905137698e-02
2.800000000000000000e+01 7.500000000000000000e-01 9.300000000000000000e+01 2.592592592592592449e-01 2.386363636363636465e-01 9.900000000000000000e+01 3.853211009174312141e-01 2.386363636363636465e-01
4.100000000000000000e+01 9.512195121951219079e-01 9.300000000000000000e+01 4.968152866242038501e-02 4.955527318932655828e-02 6.700000000000000000e+01 9.443099273607748201e-02 4.955527318932655828e-02
3.700000000000000000e+01 7.297297297297297147e-01 9.300000000000000000e+01 2.432432432432432567e-01 2.231404958677686012e-01 6.600000000000000000e+01 3.648648648648648574e-01 2.231404958677686012e-01
