1.000000000000000000e+00
1.000000000000000000e+00
1.000000000000000000e+00
1.000000000000000000e+00
1.000000000000000000e+00
7.017553867519999988e-01
1.000000000000000000e+00
1.000000000000000000e+00
4.303939573570000204e-02
1.000000000000000000e+00
1.128226575760000044e-01
1.000000000000000000e+00
1.436575066620000007e-01
2.555884100079999777e-01
1.000000000000000000e+00
1.000000000000000000e+00
1.000000000000000000e+00
7.802794707950000408e-01
6.888731807960000542e-05
2.975372851649999914e-02
3.623227246309999872e-02
3.837475461650000086e-02
6.937600393849999655e-09
8.672084094369999496e-01
9.550400381900000513e-01
1.557735973220000160e-05
8.605820061929999598e-01
7.185436441420000285e-04
9.831902681340000116e-01
1.000000000000000000e+00
1.000000000000000000e+00
5.581001921720000203e-01
9.069246160380000088e-01
9.069246160380000088e-01
1.000000000000000000e+00
1.000000000000000000e+00
1.000000000000000000e+00
1.648172337090000050e-01
2.149227856699999820e-06
1.000000000000000000e+00
1.000000000000000000e+00
1.000000000000000000e+00
1.000000000000000000e+00
1.000000000000000000e+00
1.000000000000000000e+00
1.000000000000000000e+00
1.000000000000000000e+00
6.666666666670000296e-01
3.333333333330000259e-01
1.000000000000000000e+00
1.000000000000000000e+00
1.000000000000000000e+00
1.000000000000000000e+00
7.310332825649999700e-02
1.000000000000000000e+00
1.000000000000000000e+00
1.000000000000000000e+00
1.000000000000000000e+00
1.000000000000000000e+00
1.000000000000000000e+00
5.497217142520000044e-01
1.000000000000000000e+00
1.000000000000000000e+00
1.000000000000000000e+00
1.000000000000000000e+00
1.155418021599999984e-01
1.000000000000000000e+00
1.000000000000000000e+00
1.000000000000000000e+00
1.000000000000000000e+00
1.000000000000000000e+00
1.000000000000000000e+00
1.000000000000000000e+00
1.000000000000000000e+00
1.000000000000000000e+00
1.000000000000000000e+00
1.000000000000000000e+00
1.000000000000000000e+00
1.000000000000000000e+00
5.808814456070000160e-02
1.073614927140000025e-04
1.000000000000000000e+00
1.000000000000000000e+00
1.542160971099999951e-02
1.000000000000000000e+00
1.000000000000000000e+00
5.567943486309999759e-03
1.000000000000000000e+00
1.000000000000000000e+00
2.387748001230000086e-05
2.872821256039999977e-05
1.000000000000000000e+00
1.000000000000000000e+00
2.102224347639999880e-03
1.000000000000000000e+00
1.000000000000000000e+00
1.000000000000000000e+00
1.000000000000000000e+00
1.516046180659999987e-04
1.736762308060000107e-02
1.000000000000000000e+00
1.271589738400000051e-02
1.000000000000000000e+00
1.000000000000000000e+00
1.000000000000000000e+00
1.000000000000000000e+00
1.000000000000000000e+00
1.000000000000000000e+00
1.000000000000000000e+00
1.000000000000000000e+00
1.000000000000000000e+00
1.000000000000000000e+00
1.000000000000000000e+00
1.000000000000000000e+00
1.000000000000000000e+00
1.000000000000000000e+00
1.000000000000000000e+00
1.000000000000000000e+00
1.000000000000000000e+00
5.707171269620000542e-01
1.000000000000000000e+00
1.000000000000000000e+00
1.000000000000000000e+00
1.000000000000000000e+00
1.355885526209999956e-02
3.244173563930000115e-01
3.777324091770000170e-01
1.000000000000000000e+00
1.000000000000000000e+00
1.000000000000000000e+00
2.938220546499999974e-01
5.104677298479999570e-03
1.000000000000000000e+00
1.000000000000000000e+00
1.000000000000000000e+00
1.000000000000000000e+00
1.000000000000000000e+00
1.000000000000000000e+00
8.225363898780000405e-01
1.000000000000000000e+00
1.000000000000000000e+00
3.333672238559999834e-01
5.905268250980000300e-01
2.700002336310000084e-01
1.000000000000000000e+00
1.000000000000000000e+00
1.000000000000000000e+00
1.000000000000000000e+00
4.760286502049999868e-02
1.140581226469999931e-02
1.000000000000000000e+00
1.000000000000000000e+00
4.415685545820000057e-01
1.000000000000000000e+00
1.000000000000000000e+00
1.000000000000000000e+00
1.000000000000000000e+00
1.000000000000000000e+00
1.000000000000000000e+00
1.000000000000000000e+00
7.224959962320000040e-01
8.054628109639999645e-01
1.000000000000000000e+00
2.161190831229999887e-01
1.000000000000000000e+00
1.000000000000000000e+00
1.000000000000000000e+00
1.000000000000000000e+00
1.000000000000000000e+00
1.000000000000000000e+00
1.000000000000000000e+00
1.000000000000000000e+00
1.000000000000000000e+00
1.000000000000000000e+00
1.000000000000000000e+00
1.000000000000000000e+00
1.000000000000000000e+00
1.000000000000000000e+00
1.000000000000000000e+00
1.000000000000000000e+00
1.000000000000000000e+00
1.000000000000000000e+00
