# truecount	recall	nodecounts	precision	adjaccuracy	truenodecounts	blocks	f1score	accuracy
8.000000000000000000e+01 2.874999999999999778e-01 7.300000000000000000e+01 8.846153846153845812e-01 2.323232323232323204e-01 7.300000000000000000e+01 1.000000000000000000e+02 4.339622641509434109e-01 2.323232323232323204e-01
2.800000000000000000e+01 8.214285714285713969e-01 7.300000000000000000e+01 9.583333333333333703e-01 7.419354838709677491e-01 2.200000000000000000e+01 1.000000000000000000e+02 8.846153846153845812e-01 7.419354838709677491e-01
4.200000000000000000e+01 7.619047619047618625e-01 7.300000000000000000e+01 9.411764705882352811e-01 6.666666666666666297e-01 3.200000000000000000e+01 1.000000000000000000e+02 8.421052631578946901e-01 6.666666666666666297e-01
9.500000000000000000e+01 3.684210526315789269e-01 7.300000000000000000e+01 2.108433734939759163e-01 1.535087719298245668e-01 8.100000000000000000e+01 1.000000000000000000e+02 2.681992337164750828e-01 1.535087719298245668e-01
3.600000000000000000e+01 1.000000000000000000e+00 7.300000000000000000e+01 1.000000000000000000e+00 9.000000000000000222e-01 2.800000000000000000e+01 1.000000000000000000e+02 1.000000000000000000e+00 9.000000000000000222e-01
6.400000000000000000e+01 4.531250000000000000e-01 7.300000000000000000e+01 4.531250000000000000e-01 2.761904761904762085e-01 5.300000000000000000e+01 1.000000000000000000e+02 4.531250000000000000e-01 2.761904761904762085e-01
4.400000000000000000e+01 8.409090909090909394e-01 7.300000000000000000e+01 9.736842105263158187e-01 7.551020408163264808e-01 3.400000000000000000e+01 1.000000000000000000e+02 9.024390243902439268e-01 7.551020408163264808e-01
4.600000000000000000e+01 8.695652173913043237e-01 7.300000000000000000e+01 7.272727272727272929e-01 6.557377049180327377e-01 3.300000000000000000e+01 1.000000000000000000e+02 7.920792079207921166e-01 6.557377049180327377e-01
5.000000000000000000e+01 8.000000000000000444e-01 7.300000000000000000e+01 9.523809523809523281e-01 6.896551724137931494e-01 4.100000000000000000e+01 1.000000000000000000e+02 8.695652173913043237e-01 6.896551724137931494e-01
8.500000000000000000e+01 4.705882352941176405e-01 7.300000000000000000e+01 9.090909090909090606e-01 3.100775193798449569e-01 8.800000000000000000e+01 1.000000000000000000e+02 6.201550387596899139e-01 3.100775193798449569e-01
5.100000000000000000e+01 8.627450980392157298e-01 7.300000000000000000e+01 1.116751269035533012e-01 1.055155875299760154e-01 4.200000000000000000e+01 1.000000000000000000e+02 1.977528089887640450e-01 1.055155875299760154e-01
6.100000000000000000e+01 6.721311475409835756e-01 7.300000000000000000e+01 3.565217391304347783e-01 2.949640287769784153e-01 4.700000000000000000e+01 1.000000000000000000e+02 4.659090909090908839e-01 2.949640287769784153e-01
1.120000000000000000e+02 4.285714285714285476e-01 7.300000000000000000e+01 5.676442762535477762e-03 5.629838142153413029e-03 8.800000000000000000e+01 1.000000000000000000e+02 1.120448179271708693e-02 5.629838142153413029e-03
4.200000000000000000e+01 1.000000000000000000e+00 7.300000000000000000e+01 1.000000000000000000e+00 7.500000000000000000e-01 3.300000000000000000e+01 1.000000000000000000e+02 1.000000000000000000e+00 7.500000000000000000e-01
1.260000000000000000e+02 3.571428571428571508e-01 7.300000000000000000e+01 1.525423728813559421e-01 1.113861386138613879e-01 1.160000000000000000e+02 1.000000000000000000e+02 2.137767220902612730e-01 1.113861386138613879e-01
4.000000000000000000e+00 1.000000000000000000e+00 7.300000000000000000e+01 1.000000000000000000e+00 1.000000000000000000e+00 3.000000000000000000e+00 1.000000000000000000e+02 1.000000000000000000e+00 1.000000000000000000e+00
8.800000000000000000e+01 5.681818181818181629e-02 7.300000000000000000e+01 6.250000000000000000e-01 5.494505494505494414e-02 8.600000000000000000e+01 1.000000000000000000e+02 1.041666666666666713e-01 5.494505494505494414e-02
3.600000000000000000e+01 1.388888888888888951e-01 7.300000000000000000e+01 8.333333333333333703e-01 1.351351351351351426e-01 3.400000000000000000e+01 1.000000000000000000e+02 2.380952380952380820e-01 1.351351351351351426e-01
8.000000000000000000e+00 1.000000000000000000e+00 7.300000000000000000e+01 1.000000000000000000e+00 1.000000000000000000e+00 6.000000000000000000e+00 1.000000000000000000e+02 1.000000000000000000e+00 1.000000000000000000e+00
4.000000000000000000e+00 1.000000000000000000e+00 7.300000000000000000e+01 1.000000000000000000e+00 1.000000000000000000e+00 3.000000000000000000e+00 1.000000000000000000e+02 1.000000000000000000e+00 1.000000000000000000e+00
8.400000000000000000e+01 7.500000000000000000e-01 7.300000000000000000e+01 1.422121896162528154e-01 1.270161290322580627e-01 6.800000000000000000e+01 1.000000000000000000e+02 2.390891840607210495e-01 1.270161290322580627e-01
1.190000000000000000e+02 4.957983193277311074e-01 7.300000000000000000e+01 5.462962962962962798e-01 3.277777777777777790e-01 9.800000000000000000e+01 1.000000000000000000e+02 5.198237885462555496e-01 3.277777777777777790e-01
1.120000000000000000e+02 5.267857142857143016e-01 7.300000000000000000e+01 1.136648236268711278e-03 1.134571747240490855e-03 9.900000000000000000e+01 1.000000000000000000e+02 2.268401930064015137e-03 1.134571747240490855e-03
8.700000000000000000e+01 6.551724137931034253e-01 7.300000000000000000e+01 9.499999999999999556e-01 5.277777777777777901e-01 7.200000000000000000e+01 1.000000000000000000e+02 7.755102040816326259e-01 5.277777777777777901e-01
1.210000000000000000e+02 4.297520661157024913e-01 7.300000000000000000e+01 8.666666666666666963e-01 3.443708609271523002e-01 1.060000000000000000e+02 1.000000000000000000e+02 5.745856353591159982e-01 3.443708609271523002e-01
1.270000000000000000e+02 5.433070866141732624e-01 7.300000000000000000e+01 2.570789865871832974e-02 2.501812907904278627e-02 1.100000000000000000e+02 1.000000000000000000e+02 4.909284951974385997e-02 2.501812907904278627e-02
1.010000000000000000e+02 5.940594059405940319e-01 7.300000000000000000e+01 6.521739130434782705e-01 3.314917127071823066e-01 9.300000000000000000e+01 1.000000000000000000e+02 6.217616580310880714e-01 3.314917127071823066e-01
9.800000000000000000e+01 8.061224489795918435e-01 7.300000000000000000e+01 3.657407407407407551e-01 3.122529644268774440e-01 7.800000000000000000e+01 1.000000000000000000e+02 5.031847133757961776e-01 3.122529644268774440e-01
9.200000000000000000e+01 5.434782608695651884e-01 7.300000000000000000e+01 8.928571428571429047e-01 3.472222222222222099e-01 8.800000000000000000e+01 1.000000000000000000e+02 6.756756756756756577e-01 3.472222222222222099e-01
1.160000000000000000e+02 6.206896551724138122e-01 7.300000000000000000e+01 2.327837051406401667e-02 2.283539486203615618e-02 9.200000000000000000e+01 1.000000000000000000e+02 4.487379245870987826e-02 2.283539486203615618e-02
3.200000000000000000e+01 4.687500000000000000e-01 7.300000000000000000e+01 9.375000000000000000e-01 4.545454545454545303e-01 2.800000000000000000e+01 1.000000000000000000e+02 6.250000000000000000e-01 4.545454545454545303e-01
1.800000000000000000e+01 1.000000000000000000e+00 7.300000000000000000e+01 1.000000000000000000e+00 9.000000000000000222e-01 1.400000000000000000e+01 1.000000000000000000e+02 1.000000000000000000e+00 9.000000000000000222e-01
3.000000000000000000e+01 4.333333333333333481e-01 7.300000000000000000e+01 9.285714285714286031e-01 3.939393939393939226e-01 2.700000000000000000e+01 1.000000000000000000e+02 5.909090909090909394e-01 3.939393939393939226e-01
1.200000000000000000e+01 1.000000000000000000e+00 7.300000000000000000e+01 1.000000000000000000e+00 1.000000000000000000e+00 9.000000000000000000e+00 1.000000000000000000e+02 1.000000000000000000e+00 1.000000000000000000e+00
2.000000000000000000e+01 1.000000000000000000e+00 7.300000000000000000e+01 1.000000000000000000e+00 1.000000000000000000e+00 1.400000000000000000e+01 1.000000000000000000e+02 1.000000000000000000e+00 1.000000000000000000e+00
2.200000000000000000e+01 8.636363636363636465e-01 7.300000000000000000e+01 9.499999999999999556e-01 7.600000000000000089e-01 1.600000000000000000e+01 1.000000000000000000e+02 9.047619047619047672e-01 7.600000000000000089e-01
3.200000000000000000e+01 4.687500000000000000e-01 7.300000000000000000e+01 8.333333333333333703e-01 4.054054054054054279e-01 2.700000000000000000e+01 1.000000000000000000e+02 5.999999999999999778e-01 4.054054054054054279e-01
2.200000000000000000e+01 1.000000000000000000e+00 7.300000000000000000e+01 1.000000000000000000e+00 9.166666666666666297e-01 1.700000000000000000e+01 1.000000000000000000e+02 1.000000000000000000e+00 9.166666666666666297e-01
2.600000000000000000e+01 1.000000000000000000e+00 7.300000000000000000e+01 1.000000000000000000e+00 9.285714285714286031e-01 1.900000000000000000e+01 1.000000000000000000e+02 1.000000000000000000e+00 9.285714285714286031e-01
9.500000000000000000e+01 1.473684210526315652e-01 7.300000000000000000e+01 4.117647058823529216e-01 1.217391304347826136e-01 8.900000000000000000e+01 1.000000000000000000e+02 2.170542635658914699e-01 1.217391304347826136e-01
4.400000000000000000e+01 7.500000000000000000e-01 7.300000000000000000e+01 9.705882352941176405e-01 7.021276595744680993e-01 3.600000000000000000e+01 1.000000000000000000e+02 8.461538461538461453e-01 7.021276595744680993e-01
5.300000000000000000e+01 6.981132075471697673e-01 7.300000000000000000e+01 6.851851851851852304e-01 5.285714285714285809e-01 4.300000000000000000e+01 1.000000000000000000e+02 6.915887850467289377e-01 5.285714285714285809e-01
2.600000000000000000e+01 1.000000000000000000e+00 7.300000000000000000e+01 1.000000000000000000e+00 9.285714285714286031e-01 1.900000000000000000e+01 1.000000000000000000e+02 1.000000000000000000e+00 9.285714285714286031e-01
3.400000000000000000e+01 1.000000000000000000e+00 7.300000000000000000e+01 1.000000000000000000e+00 9.444444444444444198e-01 2.500000000000000000e+01 1.000000000000000000e+02 1.000000000000000000e+00 9.444444444444444198e-01
5.200000000000000000e+01 5.384615384615384359e-01 7.300000000000000000e+01 9.333333333333333481e-01 5.185185185185184897e-01 4.300000000000000000e+01 1.000000000000000000e+02 6.829268292682927344e-01 5.185185185185184897e-01
1.290000000000000000e+02 4.728682170542635732e-01 7.300000000000000000e+01 1.757925072046109538e-01 1.455847255369928372e-01 1.040000000000000000e+02 1.000000000000000000e+02 2.563025210084033390e-01 1.455847255369928372e-01
1.400000000000000000e+02 3.214285714285714524e-01 7.300000000000000000e+01 5.232558139534884134e-01 1.931330472103004181e-01 1.440000000000000000e+02 1.000000000000000000e+02 3.982300884955752296e-01 1.931330472103004181e-01
1.360000000000000000e+02 3.529411764705882582e-01 7.300000000000000000e+01 8.000000000000000444e-01 2.790697674418604612e-01 1.270000000000000000e+02 1.000000000000000000e+02 4.897959183673469274e-01 2.790697674418604612e-01
1.090000000000000000e+02 6.055045871559633364e-01 7.300000000000000000e+01 1.958456973293768444e-01 1.709844559585492196e-01 7.900000000000000000e+01 1.000000000000000000e+02 2.959641255605381382e-01 1.709844559585492196e-01
1.410000000000000000e+02 3.404255319148936088e-01 7.300000000000000000e+01 6.956521739130434590e-01 2.758620689655172376e-01 1.280000000000000000e+02 1.000000000000000000e+02 4.571428571428571286e-01 2.758620689655172376e-01
6.000000000000000000e+00 1.000000000000000000e+00 7.300000000000000000e+01 1.000000000000000000e+00 1.000000000000000000e+00 3.000000000000000000e+00 1.000000000000000000e+02 1.000000000000000000e+00 1.000000000000000000e+00
1.200000000000000000e+01 1.000000000000000000e+00 7.300000000000000000e+01 1.000000000000000000e+00 1.000000000000000000e+00 9.000000000000000000e+00 1.000000000000000000e+02 1.000000000000000000e+00 1.000000000000000000e+00
1.200000000000000000e+01 1.000000000000000000e+00 7.300000000000000000e+01 1.000000000000000000e+00 1.000000000000000000e+00 9.000000000000000000e+00 1.000000000000000000e+02 1.000000000000000000e+00 1.000000000000000000e+00
4.600000000000000000e+01 1.956521739130434867e-01 7.300000000000000000e+01 9.000000000000000222e-01 1.914893617021276584e-01 4.300000000000000000e+01 1.000000000000000000e+02 3.214285714285714524e-01 1.914893617021276584e-01
1.200000000000000000e+01 1.000000000000000000e+00 7.300000000000000000e+01 1.000000000000000000e+00 1.000000000000000000e+00 9.000000000000000000e+00 1.000000000000000000e+02 1.000000000000000000e+00 1.000000000000000000e+00
1.540000000000000000e+02 5.454545454545454142e-01 7.300000000000000000e+01 1.155433287482806048e-01 9.988109393579072681e-02 1.350000000000000000e+02 1.000000000000000000e+02 1.906923950056753636e-01 9.988109393579072681e-02
1.230000000000000000e+02 6.504065040650406360e-01 7.300000000000000000e+01 3.674781809830041102e-02 3.571428571428571230e-02 1.010000000000000000e+02 1.000000000000000000e+02 6.956521739130434867e-02 3.571428571428571230e-02
1.140000000000000000e+02 6.578947368421053099e-01 7.300000000000000000e+01 5.208333333333333703e-01 3.588516746411483105e-01 9.600000000000000000e+01 1.000000000000000000e+02 5.813953488372093359e-01 3.588516746411483105e-01
1.350000000000000000e+02 5.777777777777777235e-01 7.300000000000000000e+01 6.500000000000000222e-01 3.959390862944162648e-01 1.140000000000000000e+02 1.000000000000000000e+02 6.117647058823529882e-01 3.959390862944162648e-01
1.130000000000000000e+02 6.106194690265486225e-01 7.300000000000000000e+01 5.000000000000000000e-01 2.974137931034482873e-01 1.030000000000000000e+02 1.000000000000000000e+02 5.498007968127489598e-01 2.974137931034482873e-01
1.600000000000000000e+01 1.000000000000000000e+00 7.300000000000000000e+01 1.000000000000000000e+00 1.000000000000000000e+00 1.200000000000000000e+01 1.000000000000000000e+02 1.000000000000000000e+00 1.000000000000000000e+00
3.600000000000000000e+01 4.166666666666666852e-01 7.300000000000000000e+01 9.375000000000000000e-01 4.054054054054054279e-01 3.200000000000000000e+01 1.000000000000000000e+02 5.769230769230768718e-01 4.054054054054054279e-01
2.600000000000000000e+01 6.538461538461538547e-01 7.300000000000000000e+01 9.444444444444444198e-01 5.862068965517240882e-01 2.200000000000000000e+01 1.000000000000000000e+02 7.727272727272727071e-01 5.862068965517240882e-01
2.000000000000000000e+01 1.000000000000000000e+00 7.300000000000000000e+01 1.000000000000000000e+00 1.000000000000000000e+00 1.500000000000000000e+01 1.000000000000000000e+02 1.000000000000000000e+00 1.000000000000000000e+00
1.200000000000000000e+01 1.000000000000000000e+00 7.300000000000000000e+01 1.000000000000000000e+00 1.000000000000000000e+00 9.000000000000000000e+00 1.000000000000000000e+02 1.000000000000000000e+00 1.000000000000000000e+00
3.400000000000000000e+01 1.000000000000000000e+00 7.300000000000000000e+01 1.000000000000000000e+00 9.444444444444444198e-01 2.600000000000000000e+01 1.000000000000000000e+02 1.000000000000000000e+00 9.444444444444444198e-01
4.400000000000000000e+01 7.045454545454545858e-01 7.300000000000000000e+01 9.687500000000000000e-01 6.888888888888888840e-01 3.600000000000000000e+01 1.000000000000000000e+02 8.157894736842105088e-01 6.888888888888888840e-01
5.800000000000000000e+01 5.172413793103448620e-01 7.300000000000000000e+01 9.375000000000000000e-01 5.000000000000000000e-01 5.000000000000000000e+01 1.000000000000000000e+02 6.666666666666666297e-01 5.000000000000000000e-01
6.600000000000000000e+01 4.848484848484848619e-01 7.300000000000000000e+01 8.963585434173669542e-02 7.032967032967032961e-02 8.100000000000000000e+01 1.000000000000000000e+02 1.513002364066193817e-01 7.032967032967032961e-02
5.000000000000000000e+01 5.200000000000000178e-01 7.300000000000000000e+01 9.285714285714286031e-01 4.814814814814814548e-01 4.300000000000000000e+01 1.000000000000000000e+02 6.666666666666666297e-01 4.814814814814814548e-01
1.750000000000000000e+02 3.828571428571428403e-01 7.300000000000000000e+01 2.658730158730158721e-01 1.709183673469387710e-01 1.590000000000000000e+02 1.000000000000000000e+02 3.138173302107728491e-01 1.709183673469387710e-01
7.600000000000000000e+01 9.078947368421053099e-01 7.300000000000000000e+01 9.857142857142857650e-01 8.313253012048192891e-01 5.900000000000000000e+01 1.000000000000000000e+02 9.452054794520547976e-01 8.313253012048192891e-01
9.600000000000000000e+01 7.187500000000000000e-01 7.300000000000000000e+01 9.857142857142857650e-01 6.969696969696970168e-01 7.900000000000000000e+01 1.000000000000000000e+02 8.313253012048192891e-01 6.969696969696970168e-01
1.290000000000000000e+02 4.496124031007752153e-01 7.300000000000000000e+01 6.304347826086956763e-01 3.314285714285714057e-01 1.130000000000000000e+02 1.000000000000000000e+02 5.248868778280543212e-01 3.314285714285714057e-01
9.300000000000000000e+01 6.236559139784946248e-01 7.300000000000000000e+01 4.833333333333333370e-01 3.602484472049689579e-01 7.500000000000000000e+01 1.000000000000000000e+02 5.446009389671361278e-01 3.602484472049689579e-01
2.030000000000000000e+02 3.743842364532019573e-01 7.300000000000000000e+01 4.293785310734463123e-01 2.303030303030303150e-01 1.780000000000000000e+02 1.000000000000000000e+02 4.000000000000000222e-01 2.303030303030303150e-01
1.100000000000000000e+02 8.090909090909090828e-01 7.300000000000000000e+01 9.673913043478260532e-01 7.007874015748031260e-01 8.600000000000000000e+01 1.000000000000000000e+02 8.811881188118811936e-01 7.007874015748031260e-01
1.370000000000000000e+02 6.423357664233576569e-01 7.300000000000000000e+01 6.875000000000000000e-01 4.559585492227979375e-01 1.140000000000000000e+02 1.000000000000000000e+02 6.641509433962263786e-01 4.559585492227979375e-01
3.070000000000000000e+02 2.410423452768729602e-01 7.300000000000000000e+01 2.835249042145593923e-01 1.406844106463878419e-01 2.880000000000000000e+02 1.000000000000000000e+02 2.605633802816901268e-01 1.406844106463878419e-01
1.060000000000000000e+02 7.924528301886792914e-01 7.300000000000000000e+01 2.222222222222222099e-01 2.028985507246376940e-01 8.600000000000000000e+01 1.000000000000000000e+02 3.471074380165289353e-01 2.028985507246376940e-01
2.710000000000000000e+02 4.797047970479704770e-01 7.300000000000000000e+01 1.286899364469698548e-03 1.284572286835110235e-03 2.260000000000000000e+02 1.000000000000000000e+02 2.566912497902042699e-03 1.284572286835110235e-03
1.850000000000000000e+02 5.783783783783783550e-01 7.300000000000000000e+01 4.331983805668015997e-01 2.750642673521850878e-01 1.670000000000000000e+02 1.000000000000000000e+02 4.953703703703703498e-01 2.750642673521850878e-01
1.780000000000000000e+02 5.842696629213482984e-01 7.300000000000000000e+01 9.682524904571268229e-03 9.593210958398672508e-03 1.520000000000000000e+02 1.000000000000000000e+02 1.904936349482553443e-02 9.593210958398672508e-03
1.440000000000000000e+02 7.291666666666666297e-01 7.300000000000000000e+01 5.737704918032786594e-01 4.268292682926829174e-01 1.120000000000000000e+02 1.000000000000000000e+02 6.422018348623853568e-01 4.268292682926829174e-01
1.150000000000000000e+02 9.652173913043478048e-01 7.300000000000000000e+01 9.910714285714286031e-01 7.500000000000000000e-01 9.000000000000000000e+01 1.000000000000000000e+02 9.779735682819383769e-01 7.500000000000000000e-01
2.600000000000000000e+01 7.307692307692307265e-01 7.300000000000000000e+01 9.499999999999999556e-01 7.037037037037037202e-01 2.100000000000000000e+01 1.000000000000000000e+02 8.260869565217391353e-01 7.037037037037037202e-01
4.000000000000000000e+01 2.750000000000000222e-01 7.300000000000000000e+01 6.875000000000000000e-01 2.340425531914893664e-01 3.600000000000000000e+01 1.000000000000000000e+02 3.928571428571428492e-01 2.340425531914893664e-01
3.600000000000000000e+01 4.722222222222222099e-01 7.300000000000000000e+01 9.444444444444444198e-01 4.594594594594594850e-01 3.100000000000000000e+01 1.000000000000000000e+02 6.296296296296296502e-01 4.594594594594594850e-01
2.000000000000000000e+01 8.499999999999999778e-01 7.300000000000000000e+01 9.444444444444444198e-01 8.095238095238095344e-01 1.500000000000000000e+01 1.000000000000000000e+02 8.947368421052631637e-01 8.095238095238095344e-01
1.600000000000000000e+01 1.000000000000000000e+00 7.300000000000000000e+01 1.000000000000000000e+00 1.000000000000000000e+00 1.200000000000000000e+01 1.000000000000000000e+02 1.000000000000000000e+00 1.000000000000000000e+00
